 8.6149        0.00
 8.6316        2.03
 8.6484      -24.20
 8.6652        9.63
 8.6819      -20.82
 8.6987      -15.65
 8.7154      -17.07
 8.7322       -0.78
 8.7490       17.79
 8.7657       11.65
 8.7825       -1.33
 8.7992       -0.16
 8.8160       -7.34
 8.8328       -6.03
 8.8495      -12.79
 8.8663       -7.45
 8.8830      -13.60
 8.8998      -17.89
 8.9166       -8.78
 8.9333       -8.48
 8.9501      -24.28
 8.9668      -30.61
 8.9836      -25.40
 9.0004      -33.92
 9.0171      -37.64
 9.0339      -31.88
 9.0506      -25.30
 9.0674      -27.29
 9.0842      -13.81
 9.1009        4.62
 9.1177      -26.04
 9.1344      -47.18
 9.1512      -30.07
 9.1680      -37.33
 9.1847      -29.82
 9.2015      -14.75
 9.2182      -35.84
 9.2350      -19.96
 9.2518      -15.54
 9.2685      -11.12
 9.2853      -29.21
 9.3020      -15.34
 9.3188      -16.93
 9.3356       14.06
 9.3523      -10.26
 9.3691       -9.32
 9.3858        3.69
 9.4026       -4.72
 9.4194       -8.13
 9.4361      -17.37
 9.4529      -16.98
 9.4696      -37.76
 9.4864      -35.02
 9.5032       -2.78
 9.5199       -8.38
 9.5367       -5.85
 9.5534        4.12
 9.5702        4.72
 9.5870        8.64
 9.6037       -6.24
 9.6205       -4.29
 9.6372       11.88
 9.6540       -6.66
 9.6708      -19.77
 9.6875      -28.24
 9.7043      -16.85
 9.7210       -6.70
 9.7378      -11.70
 9.7546      -22.34
 9.7713       -9.20
 9.7881       -6.41
 9.8048      -29.37
 9.8216      -13.17
 9.8384      -14.47
 9.8551      -14.59
 9.8719      -29.43
 9.8886      -28.92
 9.9054      -18.80
 9.9222      -16.04
 9.9389      -31.78
 9.9557      -20.57
 9.9724       -8.17
 9.9892      -24.22
10.0060      -21.06
10.0227      -11.25
10.0395      -22.07
10.0562      -49.29
10.0730      -39.49
10.0898      -23.15
10.1065       -7.15
10.1233       -0.35
10.1400      -18.91
10.1568      -21.31
10.1736      -22.85
10.1903      -26.60
10.2071      -23.30
10.2238      -17.48
10.2406       -7.83
10.2574      -11.77
10.2741      -16.26
10.2909       -4.24
10.3076       -0.15
10.3244       -1.74
10.3412        9.14
10.3579       -0.21
10.3747       -1.08
10.3914        6.61
10.4082        8.57
10.4250       -8.68
10.4417      -19.62
10.4585       10.70
10.4752       10.97
10.4920      -12.22
10.5088        4.88
10.5255      -16.32
10.5423        2.98
10.5590        0.15
10.5758      -23.61
10.5926      -16.83
10.6093        3.41
10.6261       -5.00
10.6428       10.62
10.6596        2.52
10.6764        0.69
10.6931       -3.04
10.7099       -3.11
10.7266       -6.43
10.7434       -4.33
10.7602        0.39
10.7769        8.01
10.7937       -2.75
10.8104       -6.09
10.8272        3.48
10.8440       -1.45
10.8607      -11.31
10.8775       -9.81
10.8942       -1.09
10.9110       10.29
10.9278       13.80
10.9445       11.07
10.9613       18.68
10.9780       14.84
10.9948       22.42
11.0116        0.43
11.0283       -6.62
11.0451        3.54
11.0618       12.46
11.0786        5.37
11.0954       -4.55
11.1121       28.13
11.1289       11.16
11.1456        3.19
11.1624      -12.35
11.1792       -2.58
11.1959       14.78
11.2127       23.12
11.2294       -3.12
11.2462        5.98
11.2630       -0.63
11.2797      -10.34
11.2965       -7.38
11.3132       18.42
11.3300       28.88
11.3468       -2.95
11.3635       -0.89
11.3803       -0.65
11.3970       16.39
11.4138        6.02
11.4306        2.58
11.4473        8.95
11.4641       13.42
11.4808       30.30
11.4976       24.79
11.5144       15.28
11.5311       21.03
11.5479       13.41
11.5646       19.82
11.5814       28.05
11.5982       10.51
11.6149       -2.43
11.6317        7.23
11.6484       -6.10
11.6652        5.10
11.6820      -10.34
11.6987        7.69
11.7155       31.70
11.7322       25.42
11.7490       15.35
11.7658        2.44
11.7825       -0.04
11.7993       26.75
11.8160       22.90
11.8328       15.19
11.8496       28.13
11.8663       23.54
11.8831       26.64
11.8998       25.42
11.9166        8.47
11.9334       18.24
11.9501       15.04
11.9669       19.46
11.9836       -0.55
12.0004       22.67
12.0172       20.58
12.0339        9.72
12.0507        2.68
12.0674       11.90
12.0842       18.71
12.1010       17.94
12.1177       12.74
12.1345       -4.96
12.1512       -5.43
12.1680       16.37
12.1848       16.13
12.2015        1.61
12.2183        4.98
12.2350        7.70
12.2518        7.70
12.2686       25.56
12.2853       19.04
12.3021       14.83
12.3188       25.97
12.3356        4.22
12.3524       15.17
12.3691        6.15
12.3859       11.85
12.4026       17.69
12.4194       37.84
12.4362       13.92
12.4529       19.77
12.4697       19.87
12.4864        2.61
12.5032        7.70
12.5200       11.82
12.5367       17.60
12.5535       -2.31
12.5702        4.52
12.5870       -8.01
12.6038        9.12
12.6205       14.80
12.6373       22.26
12.6540       17.93
12.6708       15.13
12.6876        3.40
12.7043       -6.44
12.7211       -6.11
12.7378       -4.42
12.7546        1.26
12.7714       -1.62
12.7881        0.01
12.8049       15.72
12.8216       15.99
12.8384       20.86
12.8552       27.50
12.8719       15.32
12.8887       23.12
12.9054        6.96
12.9222      -11.91
12.9390       -4.57
12.9557        8.64
12.9725       11.01
12.9892        6.59
13.0060       15.67
13.0228       -2.36
13.0395       -3.22
13.0563       -7.74
13.0730       15.63
13.0898       35.58
13.1066       23.97
13.1233       10.46
13.1401        0.83
13.1568        6.36
13.1736        6.81
13.1904       30.23
13.2071       19.15
13.2239       27.35
13.2406        4.76
13.2574       -3.69
13.2742        9.46
13.2909       24.17
13.3077        2.03
13.3244       -7.97
13.3412        2.86
13.3580        4.45
13.3747       11.09
13.3915        3.56
13.4082        3.80
13.4250       16.28
13.4418       17.91
13.4585       13.18
13.4753       15.95
13.4920       20.55
13.5088       15.42
13.5256       13.62
13.5423       19.13
13.5591       17.32
13.5758       14.26
13.5926       11.45
13.6094       10.74
13.6261        6.32
13.6429       22.16
13.6596       10.61
13.6764        4.62
13.6932       21.78
13.7099       13.08
13.7267       11.99
13.7434       18.87
13.7602       36.61
13.7770        8.16
13.7937       27.80
13.8105       18.57
13.8272       44.59
13.8440       26.41
13.8608        6.89
13.8775       20.31
13.8943       19.58
13.9110       15.83
13.9278       18.38
13.9446       25.48
13.9613       15.74
13.9781       23.07
13.9948        5.85
14.0116        2.59
14.0284       20.14
14.0451       20.93
14.0619        5.86
14.0786       -4.80
14.0954        4.53
14.1122       26.13
14.1289       26.31
14.1457       22.56
14.1624       34.82
14.1792       29.59
14.1960       18.72
14.2127       17.25
14.2295        3.90
14.2462       -0.56
14.2630        7.98
14.2798       29.74
14.2965       25.36
14.3133       26.60
14.3300        1.31
14.3468       19.01
14.3636       12.69
14.3803       32.33
14.3971       10.99
14.4138       26.67
14.4306       13.47
14.4474        8.01
14.4641       19.86
14.4809        8.58
14.4976       28.94
14.5144       17.65
14.5312        4.14
14.5479        7.92
14.5647       27.34
14.5814       11.48
14.5982        7.17
14.6150       13.44
14.6317        2.14
14.6485        9.05
14.6652        8.23
14.6820       15.22
14.6988       18.76
14.7155       16.95
14.7323        2.14
14.7490       -6.39
14.7658        0.04
14.7826        4.76
14.7993       14.75
14.8161       21.30
14.8328       25.16
14.8496       16.93
14.8664       -7.74
14.8831       -0.49
14.8999        7.00
14.9166       10.84
14.9334       21.78
14.9502        1.09
14.9669        1.26
14.9837        5.59
15.0004       -5.92
15.0172       13.99
15.0340        1.16
15.0507        3.00
15.0675        3.53
15.0842        8.01
15.1010       17.71
15.1178       23.50
15.1345       21.69
15.1513       15.98
15.1680        6.46
15.1848        7.95
15.2016        1.02
15.2183        5.62
15.2351       -3.72
15.2518        7.86
15.2686        7.55
15.2854        6.90
15.3021       28.13
15.3189       22.04
15.3356       15.88
15.3524        7.26
15.3692       16.66
15.3859        2.23
15.4027       18.92
15.4194       19.32
15.4362        4.96
15.4530       -3.26
15.4697       11.69
15.4865       10.19
15.5032        2.21
15.5200       18.97
15.5368       17.66
15.5535        3.51
15.5703      -23.81
15.5870      -11.91
15.6038       19.46
15.6206       13.15
15.6373        9.70
15.6541       15.23
15.6708       12.11
15.6876        5.57
15.7044        3.08
15.7211        0.76
15.7379       14.90
15.7546        5.94
15.7714       19.03
15.7882       -1.05
15.8049        4.30
15.8217      -19.00
15.8384       14.08
15.8552       36.00
15.8720        0.33
15.8887       -6.21
15.9055       -6.50
15.9222       10.62
15.9390        5.46
15.9558       10.26
15.9725        8.84
15.9893        5.05
16.0060       -6.03
16.0228       -5.48
16.0396      -14.49
16.0563        9.41
16.0731       18.30
16.0898       12.30
16.1066       13.18
16.1234        7.11
16.1401        4.27
16.1569        0.01
16.1736       -0.88
16.1904        2.60
16.2072        5.63
16.2239       -0.51
16.2407      -13.27
16.2574        2.93
16.2742        5.05
16.2910       -2.90
16.3077        4.58
16.3245       -4.87
16.3412       -3.75
16.3580       10.19
16.3748       11.76
16.3915       -1.14
16.4083       24.52
16.4250        2.06
16.4418       10.90
16.4586        9.76
16.4753       -4.37
16.4921        5.07
16.5088        1.33
16.5256        9.23
16.5424        9.47
16.5591        9.57
16.5759       15.11
16.5926       -0.19
16.6094       -7.33
16.6262        8.68
16.6429       -7.51
16.6597      -15.05
16.6764       -2.02
16.6932       -5.13
16.7100       -0.45
16.7267       20.49
16.7435       -0.94
16.7602        2.71
16.7770       13.95
16.7938        4.02
16.8105       10.66
16.8273       24.26
16.8440       12.29
16.8608        4.14
16.8776       11.11
16.8943       12.36
16.9111        1.87
16.9278       -5.68
16.9446       -1.56
16.9614       -2.82
16.9781        0.30
16.9949       -3.15
17.0116        1.50
17.0284       -4.65
17.0452       -4.61
17.0619       -0.85
17.0787       -0.05
17.0954       15.82
17.1122       17.73
17.1290       35.38
17.1457       13.78
17.1625        8.44
17.1792        9.21
17.1960       22.19
17.2128        8.65
17.2295       12.62
17.2463       20.41
17.2630       13.37
17.2798       16.53
17.2966        2.80
17.3133       21.69
17.3301        8.34
17.3468       11.66
17.3636      -13.66
17.3804        8.40
17.3971       24.77
17.4139        8.69
17.4306       -4.11
17.4474       -1.10
17.4642       -1.01
17.4809        3.90
17.4977       -7.93
17.5144       -4.36
17.5312        4.72
17.5480       20.88
17.5647       31.90
17.5815       28.01
17.5982       26.23
17.6150       13.66
17.6318        5.15
17.6485       15.37
17.6653       20.32
17.6820       14.21
17.6988        8.18
17.7156       15.77
17.7323        3.47
17.7491        4.10
17.7658       10.17
17.7826       -2.03
17.7994        7.59
17.8161       -3.42
17.8329       18.50
17.8496       26.82
17.8664        8.70
17.8832        5.71
17.8999       15.01
17.9167       11.28
17.9334       15.24
17.9502       11.46
17.9670       39.73
17.9837       15.66
18.0005        9.92
18.0172        9.57
18.0340        6.23
18.0508        0.72
18.0675       11.01
18.0843        7.56
18.1010        2.83
18.1178        4.86
18.1346        5.98
18.1513       10.17
18.1681        9.44
18.1848        9.44
18.2016       -3.39
18.2184        1.37
18.2351       13.77
18.2519        8.71
18.2686        5.61
18.2854       19.57
18.3022       18.11
18.3189        7.37
18.3357       13.28
18.3524        7.73
18.3692        5.63
18.3860       18.50
18.4027        5.48
18.4195       -2.48
18.4362        1.86
18.4530        2.35
18.4698        9.17
18.4865       10.41
18.5033       26.00
18.5200       -9.24
18.5368       -1.68
18.5536        3.98
18.5703       10.57
18.5871       34.53
18.6038       21.09
18.6206      -15.59
18.6374        1.71
18.6541       -0.19
18.6709       17.34
18.6876        4.65
18.7044       29.89
18.7212       15.80
18.7379        3.55
18.7547        9.01
18.7714        5.22
18.7882        2.66
18.8050       16.51
18.8217       14.28
18.8385       12.45
18.8552        3.89
18.8720        7.53
18.8888       11.98
18.9055       13.99
18.9223       13.50
18.9390        6.77
18.9558        5.20
18.9726        8.05
18.9893        7.92
19.0061       14.24
19.0228       11.31
19.0396        3.05
19.0564        9.68
19.0731       14.45
19.0899       17.35
19.1066       15.90
19.1234        4.19
19.1402        8.85
19.1569       22.38
19.1737       28.54
19.1904        4.68
19.2072       -3.00
19.2240      -15.98
19.2407       -1.10
19.2575       25.23
19.2742       16.50
19.2910       40.08
19.3078       28.02
19.3245       45.68
19.3413       61.24
19.3580       44.14
19.3748       38.54
19.3916       48.38
19.4083       23.38
19.4251       22.60
19.4418       24.51
19.4586        4.94
19.4754       13.32
19.4921        8.02
19.5089        0.27
19.5256        5.47
19.5424        7.05
19.5592       13.23
19.5759        4.80
19.5927        7.00
19.6094       -6.01
19.6262        4.91
19.6430        9.54
19.6597       20.10
19.6765       17.87
19.6932        9.31
19.7100        4.34
19.7268        6.10
19.7435        2.61
19.7603        2.84
19.7770       16.59
19.7938       24.05
19.8106       13.86
19.8273        2.61
19.8441        5.49
19.8608        8.64
19.8776        7.61
19.8944       -1.34
19.9111       16.53
19.9279       11.73
19.9446        3.63
19.9614       20.55
19.9782       23.14
19.9949       11.06
20.0117       20.63
20.0284       18.47
20.0452       16.47
20.0620       26.24
20.0787       15.70
20.0955       -3.93
20.1122       11.48
20.1290       15.41
20.1458        1.79
20.1625       -9.91
20.1793       19.64
20.1960       -0.20
20.2128        1.39
20.2296       10.59
20.2463       20.44
20.2631       17.09
20.2798       -4.77
20.2966      -12.93
20.3134      -19.81
20.3301        7.82
20.3469        1.26
20.3636        6.96
20.3804       13.91
20.3972        2.97
20.4139        0.48
20.4307        1.59
20.4474        0.88
20.4642        3.20
20.4810        9.34
20.4977       12.08
20.5145       10.20
20.5312        4.54
20.5480       -3.36
20.5648       -7.43
20.5815        2.87
20.5983       16.50
20.6150        9.48
20.6318        6.42
20.6486       11.00
20.6653       15.52
20.6821       11.07
20.6988       16.07
20.7156       20.28
20.7324       17.55
20.7491       30.29
20.7659       29.38
20.7826       22.15
20.7994       10.22
20.8162       22.40
20.8329       20.68
20.8497       21.09
20.8664       26.50
20.8832       16.99
20.9000       22.93
20.9167       21.13
20.9335       21.15
20.9502        6.43
20.9670       12.53
20.9838        9.85
21.0005       11.17
21.0173       19.91
21.0340        2.02
21.0508       27.87
21.0676       18.76
21.0843       12.33
21.1011       13.37
21.1178        6.91
21.1346       15.03
21.1514       18.81
21.1681        6.64
21.1849        1.52
21.2016       15.54
21.2184       11.72
21.2352        8.06
21.2519       18.99
21.2687       26.69
21.2854       15.94
21.3022       -2.85
21.3190        2.51
21.3357        9.25
21.3525        0.61
21.3692        9.97
21.3860       14.61
21.4028        5.92
21.4195        8.08
21.4363        1.93
21.4530       12.78
21.4698       27.28
21.4866       -3.87
21.5033       -2.90
21.5201       18.04
21.5368       21.75
21.5536       25.89
21.5704       -5.13
21.5871       16.11
21.6039       16.80
21.6206        5.38
21.6374       25.92
21.6542       22.11
21.6709       20.21
21.6877        8.54
21.7044       17.86
21.7212       -0.30
21.7380       25.79
21.7547       19.57
21.7715       15.05
21.7882       12.89
21.8050        9.33
21.8218       34.47
21.8385       34.46
21.8553       22.10
21.8720        5.47
21.8888        9.53
21.9056        1.73
21.9223        5.11
21.9391       18.21
21.9558       26.87
21.9726       14.34
21.9894       19.39
22.0061       13.15
22.0229        0.12
22.0396       10.92
22.0564       15.18
22.0732        9.33
22.0899       10.30
22.1067        9.62
22.1234        5.73
22.1402        2.66
22.1570       -0.03
22.1737       10.54
22.1905       28.79
22.2072       20.87
22.2240       17.05
22.2408       -1.13
22.2575       -4.74
22.2743        7.58
22.2910       14.15
22.3078       20.38
22.3246       34.93
22.3413       13.90
22.3581       26.59
22.3748       28.75
22.3916        5.97
22.4084       27.18
22.4251       17.97
22.4419       19.47
22.4586        3.88
22.4754       -1.99
22.4922       22.98
22.5089       33.37
22.5257       -4.75
22.5424        2.78
22.5592       -3.06
22.5760        8.02
22.5927        6.65
22.6095       20.73
22.6262        3.30
22.6430       12.00
22.6598        6.97
22.6765       12.86
22.6933       10.33
22.7100        2.50
22.7268       10.82
22.7436       25.19
22.7603       26.28
22.7771       17.96
22.7938        6.99
22.8106        5.49
22.8274       12.46
22.8441       12.91
22.8609       19.21
22.8776       29.06
22.8944       33.81
22.9112       32.74
22.9279       21.84
22.9447       28.21
22.9614       45.32
22.9782       48.44
22.9950       54.03
23.0117       62.32
23.0285       86.88
23.0452       75.66
23.0620       50.44
23.0788       47.76
23.0955       61.99
23.1123       30.06
23.1290       42.15
23.1458       23.77
23.1626       22.36
23.1793       26.19
23.1961       38.01
23.2128        0.69
23.2296        9.20
23.2464       27.79
23.2631       20.05
23.2799       18.09
23.2966       -3.36
23.3134       -0.10
23.3302       15.02
23.3469       14.25
23.3637       10.51
23.3804       10.08
23.3972       20.32
23.4140       27.08
23.4307       32.96
23.4475       29.34
23.4642       25.00
23.4810       42.13
23.4978       15.92
23.5145       11.21
23.5313       11.34
23.5480       22.18
23.5648       12.50
23.5816        1.59
23.5983       12.32
23.6151       18.94
23.6318       13.56
23.6486        5.73
23.6654        3.19
23.6821        9.23
23.6989       12.18
23.7156       21.41
23.7324       26.06
23.7492       13.58
23.7659       15.07
23.7827       16.71
23.7994        2.26
23.8162       -2.94
23.8330        4.86
23.8497        4.66
23.8665       10.19
23.8832       10.74
23.9000       11.71
23.9168        7.00
23.9335       -1.27
23.9503       11.64
23.9670       24.54
23.9838       13.55
24.0006        0.84
24.0173       14.74
24.0341      -12.12
24.0508        3.71
24.0676       -2.92
24.0844       11.74
24.1011       -5.47
24.1179       16.10
24.1346       12.43
24.1514       14.22
24.1682        8.74
24.1849        1.04
24.2017       18.19
24.2184        8.14
24.2352       14.89
24.2520       19.71
24.2687       15.51
24.2855        4.87
24.3022       11.69
24.3190        5.36
24.3358       15.64
24.3525       13.29
24.3693        6.27
24.3860        3.10
24.4028       12.96
24.4196       13.39
24.4363        5.55
24.4531        0.11
24.4698       -3.80
24.4866        3.45
24.5034        4.07
24.5201       15.15
24.5369       23.56
24.5536       14.65
24.5704       10.73
24.5872        4.18
24.6039        0.29
24.6207        3.42
24.6374        7.68
24.6542        9.73
24.6710        5.33
24.6877        5.36
24.7045        2.67
24.7212        8.39
24.7380       15.25
24.7548       -3.32
24.7715        0.91
24.7883        3.05
24.8050       32.86
24.8218       25.44
24.8386       27.88
24.8553       23.05
24.8721       26.58
24.8888       39.53
24.9056       27.12
24.9224       30.09
24.9391       17.47
24.9559       34.48
24.9726        8.99
24.9894       22.57
25.0062       19.08
25.0229       11.42
25.0397       33.00
25.0564       -4.64
25.0732       -7.27
25.0900       -7.02
25.1067        1.42
25.1235       14.54
25.1402        8.98
25.1570        7.04
25.1738       13.18
25.1905        6.10
25.2073        3.08
25.2240        3.10
25.2408        4.49
25.2576        6.47
25.2743       -8.50
25.2911       -4.19
25.3078        4.40
25.3246        8.75
25.3414        0.83
25.3581       16.61
25.3749       23.39
25.3916        1.83
25.4084       -0.74
25.4252       15.94
25.4419       19.74
25.4587       15.08
25.4754       10.53
25.4922        5.40
25.5090       13.67
25.5257        9.27
25.5425        6.56
25.5592       23.43
25.5760       15.42
25.5928       17.19
25.6095       21.45
25.6263       17.38
25.6430        3.58
25.6598       -1.20
25.6766       -0.08
25.6933      -13.39
25.7101       -5.55
25.7268        7.84
25.7436       -1.43
25.7604        3.68
25.7771      -11.53
25.7939       -2.11
25.8106        1.04
25.8274       -9.97
25.8442        1.77
25.8609        9.63
25.8777       17.50
25.8944       10.06
25.9112      -25.93
25.9280        3.02
25.9447       12.97
25.9615       10.25
25.9782        6.34
25.9950       14.27
26.0118        7.55
26.0285       -3.87
26.0453       -7.72
26.0620        4.22
26.0788       18.44
26.0956       16.02
26.1123       12.49
26.1291        6.35
26.1458        2.59
26.1626       16.52
26.1794        8.54
26.1961        7.50
26.2129        5.95
26.2296        0.85
26.2464        3.47
26.2632       11.58
26.2799        3.27
26.2967        3.43
26.3134        9.14
26.3302       -1.62
26.3470        2.27
26.3637       11.50
26.3805        6.47
26.3972        7.43
26.4140       12.98
26.4308       10.52
26.4475       11.26
26.4643       20.25
26.4810       18.56
26.4978       35.84
26.5146       46.52
26.5313       49.18
26.5481       39.84
26.5648       44.18
26.5816       61.46
26.5984       49.99
26.6151       48.05
26.6319       46.40
26.6486       47.22
26.6654       50.34
26.6822       35.43
26.6989       42.53
26.7157       21.11
26.7324       29.96
26.7492       18.67
26.7660       24.65
26.7827       38.41
26.7995       38.56
26.8162       27.11
26.8330       20.96
26.8498       13.25
26.8665       36.06
26.8833       13.88
26.9000       12.38
26.9168        5.88
26.9336       16.30
26.9503       15.44
26.9671        5.17
26.9838        4.28
27.0006       10.81
27.0174       11.27
27.0341       28.15
27.0509       23.48
27.0676        6.40
27.0844       -0.53
27.1012        9.28
27.1179       14.84
27.1347       -1.21
27.1514       -1.52
27.1682        8.39
27.1850        0.73
27.2017       -7.08
27.2185       -6.00
27.2352        1.10
27.2520        4.99
27.2688        9.67
27.2855       12.40
27.3023        4.36
27.3190        6.98
27.3358       19.93
27.3526       22.38
27.3693       12.84
27.3861       13.35
27.4028       25.83
27.4196       25.51
27.4364       15.43
27.4531       37.43
27.4699       35.31
27.4866       35.66
27.5034       21.53
27.5202       27.48
27.5369       18.84
27.5537        8.88
27.5704       12.18
27.5872       31.39
27.6040       -0.12
27.6207       17.53
27.6375       18.93
27.6542       15.02
27.6710       13.05
27.6878       37.35
27.7045       -6.62
27.7213       -6.61
27.7380       -6.59
27.7548       14.87
27.7716      -20.96
27.7883       -3.73
27.8051        3.01
27.8218       12.55
27.8386       13.50
27.8554       32.71
27.8721       15.00
27.8889       13.22
27.9056       23.41
27.9224       20.75
27.9392       14.87
27.9559        8.98
27.9727       13.65
27.9894       23.00
28.0062        4.07
28.0230       25.17
28.0397       17.11
28.0565       15.72
28.0732       35.36
28.0900       24.68
28.1068       21.16
28.1235       32.97
28.1403       44.79
28.1570       74.76
28.1738       92.70
28.1906       98.23
28.2073      120.39
28.2241      109.82
28.2408       79.03
28.2576       64.54
28.2744       50.29
28.2911       29.44
28.3079        7.09
28.3246       11.55
28.3414       16.89
28.3582       14.17
28.3749       19.39
28.3917       18.00
28.4084        6.22
28.4252        2.24
28.4420       13.19
28.4587       15.00
28.4755        5.56
28.4922      -10.16
28.5090        3.85
28.5258        9.73
28.5425        7.77
28.5593        4.48
28.5760       -0.19
28.5928       16.41
28.6096       -6.37
28.6263        6.47
28.6431       24.52
28.6598        5.28
28.6766       -6.46
28.6934       16.06
28.7101       10.30
28.7269       10.25
28.7436       -5.47
28.7604       23.49
28.7772       18.63
28.7939       24.01
28.8107       18.86
28.8274        7.54
28.8442        6.43
28.8610       15.18
28.8777       26.75
28.8945       30.16
28.9112       27.19
28.9280       18.42
28.9448       14.94
28.9615       19.20
28.9783       20.55
28.9950        7.17
29.0118       21.52
29.0286       14.36
29.0453       15.58
29.0621       18.63
29.0788       16.00
29.0956       22.44
29.1124       31.74
29.1291       32.24
29.1459       22.32
29.1626       37.75
29.1794       64.10
29.1962       60.62
29.2129       64.71
29.2297       79.92
29.2464       98.94
29.2632      135.33
29.2800      177.62
29.2967      239.20
29.3135      331.57
29.3302      445.25
29.3470      560.61
29.3638      620.14
29.3805      640.82
29.3973      679.13
29.4140      685.05
29.4308      683.06
29.4476      658.45
29.4643      612.53
29.4811      540.78
29.4978      464.26
29.5146      429.97
29.5314      351.07
29.5481      279.76
29.5649      200.10
29.5816      154.88
29.5984      144.82
29.6152      140.66
29.6319      127.48
29.6487      130.99
29.6654      140.80
29.6822      122.58
29.6990      136.54
29.7157      148.46
29.7325      107.30
29.7492      106.52
29.7660       83.12
29.7828       71.34
29.7995       65.45
29.8163       65.39
29.8330       46.29
29.8498       37.90
29.8666       18.94
29.8833        6.54
29.9001       26.95
29.9168       15.43
29.9336       16.97
29.9504        5.65
29.9671       16.88
29.9839        6.48
30.0006       14.82
30.0174       -1.30
30.0342       18.33
30.0509       21.10
30.0677       16.69
30.0844       12.77
30.1012        4.58
30.1180       11.46
30.1347       15.73
30.1515       -1.57
30.1682        1.48
30.1850       10.32
30.2018       15.52
30.2185       21.45
30.2353       10.84
30.2520       19.12
30.2688       17.30
30.2856       15.71
30.3023       24.97
30.3191       27.99
30.3358       23.94
30.3526       31.56
30.3694       33.74
30.3861       29.11
30.4029       46.19
30.4196       41.26
30.4364       41.32
30.4532       70.83
30.4699       77.33
30.4867       73.91
30.5034       72.24
30.5202       78.17
30.5370       84.74
30.5537       94.49
30.5705      103.03
30.5872      104.11
30.6040      106.35
30.6208       80.78
30.6375       69.34
30.6543       63.23
30.6710       60.49
30.6878       86.64
30.7046       58.50
30.7213       40.05
30.7381       37.22
30.7548       31.20
30.7716       37.36
30.7884       42.00
30.8051       20.29
30.8219       18.19
30.8386       14.62
30.8554       16.17
30.8722        9.25
30.8889       32.11
30.9057        2.59
30.9224       28.24
30.9392       40.28
30.9560       29.15
30.9727       26.77
30.9895       19.25
31.0062       13.21
31.0230        9.11
31.0398       15.82
31.0565       13.27
31.0733       17.91
31.0900        6.99
31.1068       11.43
31.1236        6.32
31.1403        0.05
31.1571        6.72
31.1738       10.43
31.1906       15.45
31.2074       -9.82
31.2241       -0.11
31.2409        6.96
31.2576        6.98
31.2744       -1.24
31.2912        9.81
31.3079        6.51
31.3247        7.50
31.3414       14.86
31.3582       20.79
31.3750       21.91
31.3917       19.96
31.4085       24.90
31.4252       21.34
31.4420       14.10
31.4588       19.60
31.4755       13.83
31.4923        6.28
31.5090       13.20
31.5258        6.81
31.5426        7.34
31.5593       24.92
31.5761       18.91
31.5928        7.90
31.6096        8.13
31.6264       13.64
31.6431       24.11
31.6599       15.45
31.6766       19.70
31.6934       26.81
31.7102       32.65
31.7269       47.53
31.7437       39.81
31.7604       20.43
31.7772       18.13
31.7940       24.74
31.8107       39.63
31.8275       32.31
31.8442       13.70
31.8610       30.43
31.8778        7.44
31.8945        0.87
31.9113       12.51
31.9280       -3.35
31.9448        3.13
31.9616       12.53
31.9783       15.89
31.9951       -0.53
32.0118       -4.14
32.0286       -3.85
32.0454        0.87
32.0621       17.35
32.0789        4.05
32.0956        7.77
32.1124       -6.02
32.1292       -2.05
32.1459       -3.93
32.1627        3.73
32.1794       17.32
32.1962       -0.60
32.2130       -3.74
32.2297       26.98
32.2465       12.25
32.2632      -12.75
32.2800        1.54
32.2968       11.04
32.3135        0.43
32.3303        3.21
32.3470       23.83
32.3638        5.81
32.3806        6.62
32.3973       -8.76
32.4141       -6.03
32.4308        8.37
32.4476        7.96
32.4644       -0.84
32.4811       -3.58
32.4979        4.82
32.5146       18.06
32.5314       -0.39
32.5482      -10.18
32.5649       -1.72
32.5817        2.54
32.5984       -2.41
32.6152       -4.20
32.6320        6.13
32.6487        7.96
32.6655       -1.05
32.6822       12.49
32.6990        4.92
32.7158       -6.92
32.7325        0.80
32.7493       -3.33
32.7660       -1.34
32.7828       10.63
32.7996        6.38
32.8163       -1.35
32.8331       -8.01
32.8498       -4.51
32.8666       11.55
32.8834        3.67
32.9001        5.21
32.9169       10.39
32.9336        2.24
32.9504       -3.27
32.9672       -3.46
32.9839       11.03
33.0007       10.42
33.0174        9.07
33.0342       10.85
33.0510       15.11
33.0677       14.06
33.0845       11.16
33.1012       12.63
33.1180       13.05
33.1348        1.84
33.1515       13.30
33.1683       17.78
33.1850        5.09
33.2018       11.61
33.2186        2.70
33.2353       -0.95
33.2521       -0.78
33.2688       11.87
33.2856       14.54
33.3024        7.43
33.3191        6.11
33.3359       -7.82
33.3526        1.37
33.3694       -0.02
33.3862        9.11
33.4029       -2.21
33.4197        7.33
33.4364      -14.39
33.4532        3.39
33.4700        1.69
33.4867       20.92
33.5035       19.78
33.5202      -12.23
33.5370       -8.71
33.5538       10.05
33.5705       -4.50
33.5873       -4.43
33.6040       29.24
33.6208        9.53
33.6376       -1.00
33.6543       -8.88
33.6711        4.88
33.6878        7.91
33.7046       -1.77
33.7214        2.34
33.7381       -0.73
33.7549        8.83
33.7716        2.88
33.7884        0.04
33.8052      -11.76
33.8219      -11.55
33.8387      -14.19
33.8554      -18.69
33.8722       -4.62
33.8890        0.81
33.9057        6.89
33.9225       14.16
33.9392        0.73
33.9560       -6.47
33.9728        1.76
33.9895       11.20
34.0063       19.13
34.0230       10.57
34.0398        8.14
34.0566       11.26
34.0733        9.30
34.0901       -2.43
34.1068       -5.16
34.1236       -3.69
34.1404        0.65
34.1571       12.51
34.1739        5.83
34.1906       -0.68
34.2074        2.73
34.2242        6.95
34.2409        6.68
34.2577        5.27
34.2744        9.96
34.2912        3.96
34.3080        8.72
34.3247       10.29
34.3415       15.01
34.3582       15.14
34.3750       10.93
34.3918       12.09
34.4085        5.53
34.4253        4.15
34.4420        5.04
34.4588        1.51
34.4756       -0.50
34.4923       -5.17
34.5091        6.05
34.5258       11.55
34.5426       16.60
34.5594        9.52
34.5761       12.40
34.5929       12.46
34.6096       -1.28
34.6264       10.87
34.6432        3.31
34.6599       13.19
34.6767        8.50
34.6934      -14.72
34.7102       -1.12
34.7270       10.53
34.7437       19.30
34.7605       18.08
34.7772        7.35
34.7940        7.70
34.8108        9.96
34.8275       -7.00
34.8443       16.53
34.8610       -0.46
34.8778        1.42
34.8946       -0.72
34.9113      -12.41
34.9281       -4.47
34.9448       13.35
34.9616        5.78
34.9784       19.15
34.9951       -1.39
35.0119        9.01
35.0286        2.20
35.0454        5.41
35.0622       14.88
35.0789        8.52
35.0957        0.63
35.1124        5.10
35.1292        2.33
35.1460        0.12
35.1627       -3.54
35.1795       -5.79
35.1962       13.90
35.2130        9.71
35.2298        6.34
35.2465        1.17
35.2633       -7.92
35.2800        7.23
35.2968       -0.30
35.3136        2.17
35.3303       22.14
35.3471        1.41
35.3638        6.78
35.3806       -0.83
35.3974        9.85
35.4141        6.38
35.4309       10.53
35.4476        6.07
35.4644        6.31
35.4812       17.57
35.4979        4.05
35.5147       -1.80
35.5314        4.16
35.5482       15.11
35.5650       13.05
35.5817       -3.64
35.5985        0.33
35.6152        8.47
35.6320        1.61
35.6488       -1.22
35.6655       -5.01
35.6823       -6.16
35.6990        3.01
35.7158       10.71
35.7326        6.43
35.7493        6.73
35.7661       10.69
35.7828        3.82
35.7996       -1.28
35.8164       -4.07
35.8331        6.54
35.8499       15.59
35.8666       10.33
35.8834       19.14
35.9002       20.64
35.9169       26.41
35.9337       42.90
35.9504       42.92
35.9672       43.71
35.9840       55.46
36.0007       66.41
36.0175       47.89
36.0342       49.60
36.0510       56.81
36.0678       22.33
36.0845       36.29
36.1013       36.31
36.1180       22.35
36.1348       22.25
36.1516       13.50
36.1683       17.41
36.1851       31.31
36.2018        6.71
36.2186        6.17
36.2354       24.94
36.2521       16.42
36.2689       12.48
36.2856        7.28
36.3024        1.81
36.3192        9.88
36.3359        6.74
36.3527       20.42
36.3694       13.84
36.3862        5.83
36.4030        8.72
36.4197       15.56
36.4365       15.32
36.4532       16.52
36.4700       34.03
36.4868        7.11
36.5035       17.78
36.5203        1.60
36.5370       19.71
36.5538       -3.42
36.5706        8.62
36.5873       21.69
36.6041       19.05
36.6208        1.64
36.6376       -3.92
36.6544        4.07
36.6711       13.85
36.6879        5.94
36.7046       -5.93
36.7214       11.69
36.7382       29.56
36.7549       35.84
36.7717        3.50
36.7884        0.19
36.8052        7.64
36.8220        6.27
36.8387        8.01
36.8555        8.19
36.8722       17.29
36.8890       11.04
36.9058       12.04
36.9225       12.29
36.9393       19.31
36.9560       16.87
36.9728        6.06
36.9896       12.89
37.0063       26.20
37.0231        6.76
37.0398       25.58
37.0566       14.14
37.0734        7.28
37.0901        9.75
37.1069       16.91
37.1236       17.02
37.1404        7.29
37.1572       12.34
37.1739        4.01
37.1907       11.25
37.2074       11.74
37.2242       12.23
37.2410       17.16
37.2577        7.26
37.2745       14.26
37.2912       17.45
37.3080        7.11
37.3248       -1.23
37.3415       -5.79
37.3583        1.07
37.3750        9.00
37.3918        5.75
37.4086        0.44
37.4253       -3.50
37.4421       -2.35
37.4588       -4.64
37.4756       -6.84
37.4924        3.01
37.5091        5.58
37.5259        2.05
37.5426        7.19
37.5594       10.14
37.5762        2.42
37.5929       20.11
37.6097       21.68
37.6264       12.74
37.6432        9.99
37.6600       -6.38
37.6767       -4.79
37.6935       -3.90
37.7102       -0.02
37.7270       11.60
37.7438       -1.43
37.7605       -5.43
37.7773        5.64
37.7940        1.95
37.8108       -2.36
37.8276        8.17
37.8443       13.22
37.8611        4.23
37.8778        6.99
37.8946        8.03
37.9114       -2.93
37.9281       -1.49
37.9449       -1.33
37.9616        2.22
37.9784       10.04
37.9952       -2.24
38.0119       -7.22
38.0287       -1.37
38.0454       -3.81
38.0622       -0.84
38.0790       10.02
38.0957       13.20
38.1125        6.56
38.1292       14.94
38.1460        3.71
38.1628       -4.94
38.1795       -4.20
38.1963       -6.15
38.2130       -4.43
38.2298        5.54
38.2466        9.05
38.2633       -1.12
38.2801       -3.69
38.2968        0.66
38.3136        2.83
38.3304        7.69
38.3471        4.25
38.3639        4.27
38.3806        5.93
38.3974       -1.28
38.4142        6.70
38.4309       11.14
38.4477        6.23
38.4644       12.22
38.4812        9.74
38.4980      -16.63
38.5147       -2.79
38.5315       12.53
38.5482        3.23
38.5650       13.14
38.5818        8.26
38.5985      -13.34
38.6153        5.53
38.6320        7.25
38.6488       10.05
38.6656       23.86
38.6823        3.10
38.6991       14.63
38.7158        7.10
38.7326       -7.13
38.7494       21.02
38.7661       15.34
38.7829       -2.54
38.7996       16.66
38.8164        7.52
38.8332        8.12
38.8499       14.90
38.8667        4.98
38.8834       -5.05
38.9002      -15.11
38.9170        9.56
38.9337        7.74
38.9505        9.19
38.9672       -6.00
38.9840        5.68
39.0008        3.68
39.0175       -0.17
39.0343        9.78
39.0510       15.76
39.0678       11.83
39.0846       -0.01
39.1013        1.78
39.1181       -0.11
39.1348        3.72
39.1516       36.60
39.1684       22.56
39.1851       16.17
39.2019       10.22
39.2186       19.31
39.2354       27.40
39.2522       26.06
39.2689       20.38
39.2857       40.16
39.3024        9.05
39.3192       36.83
39.3360       34.54
39.3527       46.53
39.3695       47.96
39.3862       69.26
39.4030       56.10
39.4198       69.76
39.4365       91.15
39.4533       87.05
39.4700       72.20
39.4868       92.24
39.5036       95.98
39.5203       63.84
39.5371       57.98
39.5538       68.01
39.5706       63.33
39.5874       57.02
39.6041       46.13
39.6209       34.19
39.6376       33.59
39.6544       27.52
39.6712       30.77
39.6879       17.63
39.7047       17.12
39.7214       27.39
39.7382       34.64
39.7550       26.62
39.7717       36.29
39.7885       30.72
39.8052       20.30
39.8220       13.37
39.8388       -1.65
39.8555        8.87
39.8723       15.38
39.8890       17.36
39.9058       17.88
39.9226        6.19
39.9393        1.86
39.9561        0.41
39.9728        7.01
39.9896        8.41
40.0064        4.99
40.0231       10.84
40.0399        8.21
40.0566        3.02
40.0734      -12.01
40.0902       -5.89
40.1069       -1.60
40.1237        3.16
40.1404        1.70
40.1572        5.07
40.1740        1.08
40.1907       13.54
40.2075       12.51
40.2242       11.59
40.2410       14.96
40.2578       10.51
40.2745       14.03
40.2913       16.36
40.3080        5.53
40.3248        3.36
40.3416       10.57
40.3583        6.15
40.3751        5.25
40.3918       11.22
40.4086        8.69
40.4254        7.94
40.4421        8.32
40.4589        7.50
40.4756        7.49
40.4924       11.00
40.5092       14.63
40.5259       11.97
40.5427       10.59
40.5594       13.71
40.5762        5.17
40.5930        0.78
40.6097        8.99
40.6265       14.48
40.6432       19.79
40.6600       14.54
40.6768        5.14
40.6935        8.75
40.7103       14.38
40.7270       12.08
40.7438       11.41
40.7606       22.79
40.7773       29.15
40.7941       18.89
40.8108       14.34
40.8276       21.34
40.8444       18.04
40.8611        9.16
40.8779       10.22
40.8946        8.15
40.9114        2.16
40.9282       14.04
40.9449       23.20
40.9617       11.30
40.9784        8.95
40.9952       10.28
41.0120       11.81
41.0287       15.27
41.0455       10.13
41.0622       14.71
41.0790       18.25
41.0958       12.26
41.1125        9.04
41.1293       14.53
41.1460       17.38
41.1628       13.01
41.1796       15.70
41.1963       17.21
41.2131        5.22
41.2298       -1.73
41.2466        5.85
41.2634       10.45
41.2801       12.36
41.2969        3.79
41.3136        5.49
41.3304       16.09
41.3472        5.65
41.3639       -2.05
41.3807        7.41
41.3974       13.39
41.4142       13.61
41.4310        8.08
41.4477        3.64
41.4645        3.73
41.4812       10.88
41.4980       15.66
41.5148       19.70
41.5315       18.01
41.5483       17.37
41.5650        4.18
41.5818       -1.61
41.5986        0.07
41.6153        4.18
41.6321       11.31
41.6488        2.79
41.6656        3.33
41.6824       15.59
41.6991        9.78
41.7159       11.86
41.7326        6.81
41.7494        3.89
41.7662       -3.38
41.7829       -6.49
41.7997       -1.63
41.8164        1.23
41.8332       -3.09
41.8500        5.01
41.8667        5.07
41.8835       -8.53
41.9002       -2.38
41.9170        6.77
41.9338        8.82
41.9505        3.22
41.9673       -7.11
41.9840        8.76
42.0008        8.76
42.0176        4.09
42.0343        2.05
42.0511       15.43
42.0678       10.12
42.0846        3.44
42.1014        2.05
42.1181        1.51
42.1349       -3.97
42.1516        0.02
42.1684        5.93
42.1852        8.30
42.2019       -2.53
42.2187        0.40
42.2354       12.74
42.2522        9.62
42.2690        2.11
42.2857       -1.74
42.3025       -4.81
42.3192        4.41
42.3360       11.51
42.3528        7.52
42.3695        1.11
42.3863       -2.45
42.4030        7.53
42.4198        4.13
42.4366        2.73
42.4533        6.88
42.4701       13.19
42.4868        4.14
42.5036        3.32
42.5204        5.90
42.5371        6.99
42.5539        1.57
42.5706        1.04
42.5874        9.61
42.6042       12.71
42.6209        2.73
42.6377        0.45
42.6544        0.43
42.6712       11.33
42.6880        1.61
42.7047        3.25
42.7215        9.11
42.7382       -3.58
42.7550        2.98
42.7718       11.53
42.7885       17.07
42.8053       12.19
42.8220        7.42
42.8388       -0.70
42.8556        0.19
42.8723        0.40
42.8891        3.10
42.9058       -1.25
42.9226        1.49
42.9394        7.66
42.9561        3.66
42.9729        6.21
42.9896       12.58
43.0064       -4.89
43.0232       12.20
43.0399       29.48
43.0567       34.59
43.0734       30.93
43.0902       34.06
43.1070       31.64
43.1237       48.56
43.1405       57.69
43.1572       60.72
43.1740       70.83
43.1908       67.20
43.2075      104.02
43.2243      100.90
43.2410       65.00
43.2578       64.50
43.2746       75.66
43.2913       48.29
43.3081       76.14
43.3248       47.38
43.3416       29.00
43.3584       21.50
43.3751       34.21
43.3919       42.29
43.4086       20.45
43.4254        9.88
43.4422       17.15
43.4589       29.89
43.4757       27.89
43.4924        9.89
43.5092        1.18
43.5260       12.81
43.5427        7.32
43.5595       -5.54
43.5762        2.11
43.5930       11.36
43.6098        6.73
43.6265        3.00
43.6433       25.38
43.6600       -0.30
43.6768       -1.51
43.6936       -1.65
43.7103       -9.82
43.7271        4.44
43.7438       13.19
43.7606       -1.18
43.7774       -0.04
43.7941        5.10
43.8109        9.12
43.8276        8.83
43.8444       15.39
43.8612        7.98
43.8779       11.98
43.8947       16.57
43.9114       17.35
43.9282        5.34
43.9450        5.02
43.9617       23.07
43.9785       14.71
43.9952       10.75
44.0120       17.71
44.0288        6.20
44.0455       10.46
44.0623       -5.55
44.0790       -0.78
44.0958       -1.89
44.1126        8.75
44.1293       -6.38
44.1461       -1.79
44.1628       11.76
44.1796       -2.59
44.1964       -6.08
44.2131       21.59
44.2299       15.07
44.2466        5.58
44.2634        2.84
44.2802        1.57
44.2969        3.33
44.3137       10.27
44.3304       -0.98
44.3472      -11.85
44.3640       -8.50
44.3807       -8.47
44.3975       -2.56
44.4142       16.17
44.4310       15.51
44.4478        6.83
44.4645        6.90
44.4813       11.45
44.4980        6.89
44.5148        8.10
44.5316        4.23
44.5483        1.29
44.5651       -4.96
44.5818       -2.07
44.5986       -2.68
44.6154        7.87
44.6321        5.99
44.6489       11.66
44.6656       -2.60
44.6824       -2.97
44.6992        4.51
44.7159        9.37
44.7327        4.62
44.7494        3.08
44.7662       10.60
44.7830        4.77
44.7997       -5.28
44.8165       16.96
44.8332       21.46
44.8500        5.88
44.8668        0.30
44.8835        9.63
44.9003        9.27
44.9170        9.23
44.9338       11.25
44.9506        8.84
44.9673       11.27
44.9841        9.14
45.0008        3.30
45.0176        1.89
45.0344       -3.49
45.0511        5.53
45.0679        9.79
45.0846        2.84
45.1014        2.84
45.1182        2.84
45.1349        1.98
45.1517        1.71
45.1684        5.47
45.1852        5.31
45.2020       -0.93
45.2187        6.68
45.2355        9.84
45.2522       10.62
45.2690       23.93
45.2858       10.90
45.3025       -5.93
45.3193       -8.23
45.3360        5.03
45.3528        5.62
45.3696        1.30
45.3863       -0.56
45.4031      -12.27
45.4198       -6.25
45.4366        3.68
45.4534        8.87
45.4701        6.84
45.4869        5.84
45.5036        7.85
45.5204        0.72
45.5372       -3.05
45.5539        3.86
45.5707        4.84
45.5874        1.72
45.6042        1.98
45.6210        2.73
45.6377       -4.47
45.6545       -2.75
45.6712        3.92
45.6880       -4.92
45.7048       -7.70
45.7215        4.54
45.7383       11.95
45.7550       12.84
45.7718       13.96
45.7886       19.36
45.8053       10.32
45.8221        4.28
45.8388        7.99
45.8556        8.84
45.8724        6.50
45.8891       -6.95
45.9059       -6.85
45.9226        4.82
45.9394       12.45
45.9562        6.36
45.9729        2.06
45.9897       -0.84
46.0064        5.50
46.0232        0.88
46.0400        2.37
46.0567        8.11
46.0735        8.84
46.0902        5.00
46.1070       -3.60
46.1238       -7.15
46.1405      -11.08
46.1573        5.28
46.1740        8.22
46.1908        6.18
46.2076        1.47
46.2243       -6.56
46.2411        5.84
46.2578       -0.87
46.2746       -8.53
46.2914       -7.76
46.3081        1.25
46.3249        7.67
46.3416       -1.08
46.3584        2.00
46.3752       -2.34
46.3919       -8.04
46.4087       -3.31
46.4254        4.73
46.4422       -2.01
46.4590        3.79
46.4757        2.37
46.4925        8.41
46.5092        7.83
46.5260       12.98
46.5428       -5.15
46.5595       -3.38
46.5763       -7.37
46.5930        9.72
46.6098        3.80
46.6266       -0.72
46.6433        2.08
46.6601       -0.35
46.6768       -2.75
46.6936       18.13
46.7104       -0.16
46.7271       -0.15
46.7439       -9.12
46.7606        5.67
46.7774       25.78
46.7942        6.78
46.8109       13.16
46.8277       39.01
46.8444        3.01
46.8612       31.81
46.8780       26.35
46.8947       30.20
46.9115       39.80
46.9282       53.44
46.9450       51.30
46.9618       69.06
46.9785       27.07
46.9953       50.49
47.0120       73.27
47.0288       33.95
47.0456       32.79
47.0623       59.33
47.0791       28.65
47.0958       40.30
47.1126       29.39
47.1294       44.41
47.1461       46.88
47.1629       62.61
47.1796       23.50
47.1964       38.82
47.2132       42.94
47.2299       44.91
47.2467       36.86
47.2634       29.06
47.2802       35.20
47.2970       43.81
47.3137        7.48
47.3305       22.26
47.3472       49.97
47.3640       30.18
47.3808       18.23
47.3975       36.98
47.4143       36.68
47.4310       33.32
47.4478       39.85
47.4646       69.38
47.4813       73.82
47.4981       82.53
47.5148       96.86
47.5316      113.71
47.5484      130.67
47.5651      116.38
47.5819      125.02
47.5986      124.72
47.6154      120.19
47.6322      103.05
47.6489       97.15
47.6657      113.46
47.6824       98.90
47.6992      100.48
47.7160       76.25
47.7327       83.25
47.7495       63.63
47.7662       72.17
47.7830       67.69
47.7998       61.18
47.8165       56.04
47.8333       57.07
47.8500       45.40
47.8668       35.45
47.8836       45.99
47.9003       24.85
47.9171       25.43
47.9338       36.96
47.9506       24.68
47.9674       19.73
47.9841       18.57
48.0009       15.07
48.0176       15.12
48.0344       11.22
48.0512       18.43
48.0679       17.85
48.0847       18.41
48.1014       12.68
48.1182        7.43
48.1350       15.03
48.1517       13.24
48.1685        7.62
48.1852       10.58
48.2020        8.72
48.2188       18.32
48.2355       18.92
48.2523       14.97
48.2690       23.45
48.2858       33.08
48.3026       16.52
48.3193       20.73
48.3361       22.49
48.3528       17.15
48.3696       33.24
48.3864       33.00
48.4031       28.47
48.4199       29.97
48.4366       43.40
48.4534       44.05
48.4702       37.86
48.4869       57.80
48.5037       66.98
48.5204       77.95
48.5372       82.58
48.5540       76.90
48.5707       80.10
48.5875       72.28
48.6042       87.60
48.6210       82.43
48.6378       82.77
48.6545      108.68
48.6713      100.97
48.6880       71.40
48.7048       72.08
48.7216       67.78
48.7383       68.85
48.7551       58.74
48.7718       61.84
48.7886       66.78
48.8054       38.29
48.8221       34.71
48.8389       18.00
48.8556        6.84
48.8724        2.32
48.8892       33.81
48.9059       34.00
48.9227       12.41
48.9394        4.19
48.9562       14.73
48.9730        9.21
48.9897        9.06
49.0065        6.06
49.0232        7.11
49.0400       -2.85
49.0568       16.21
49.0735       26.44
49.0903       15.05
49.1070        8.08
49.1238       -5.21
49.1406        8.08
49.1573        2.07
49.1741       31.33
49.1908        3.29
49.2076        7.19
49.2244       17.11
49.2411       -0.02
49.2579        1.46
49.2746       11.42
49.2914       -6.47
49.3082        5.41
49.3249       -2.18
49.3417       11.33
49.3584        5.44
49.3752        4.05
49.3920       13.29
49.4087       10.12
49.4255       17.22
49.4422       12.25
49.4590       -0.65
49.4758       -0.85
49.4925       10.08
49.5093        0.65
49.5260        6.13
49.5428        1.92
49.5596       20.63
49.5763       -4.41
49.5931       -3.28
49.6098        0.82
49.6266       -3.63
49.6434       -7.08
49.6601       -0.09
49.6769        8.58
49.6936       11.63
49.7104       10.08
49.7272        6.73
49.7439        6.27
49.7607       -0.59
49.7774        3.66
49.7942        7.44
49.8110       13.72
49.8277        4.30
49.8445       -6.32
49.8612       -2.02
49.8780        9.38
49.8948       13.42
49.9115       13.62
49.9283       15.68
49.9450        9.71
49.9618        4.62
49.9786        7.32
49.9953       15.26
50.0121        5.15
50.0288        7.26
50.0456       10.94
50.0624        6.74
50.0791        5.74
50.0959       10.98
50.1126        7.23
50.1294       -0.07
50.1462       11.67
50.1629       16.42
50.1797        3.48
50.1964        0.47
50.2132       12.15
50.2300       11.73
50.2467       10.29
50.2635       14.34
50.2802        5.53
50.2970        2.45
50.3138        5.17
50.3305        8.55
50.3473        1.56
50.3640        9.09
50.3808        3.86
50.3976       11.48
50.4143        5.53
50.4311        9.38
50.4478       14.93
50.4646       40.67
50.4814       17.99
50.4981        1.91
50.5149        9.64
50.5316       30.02
50.5484       25.56
50.5652        6.96
50.5819       12.53
50.5987       12.18
50.6154       20.79
50.6322       18.35
50.6490       21.59
50.6657        3.50
50.6825       28.14
50.6992        7.22
50.7160       25.18
50.7328        6.52
50.7495        9.92
50.7663        0.00
50.7830       21.75
50.7998        0.19
50.8166        7.86
50.8333        5.30
50.8501       27.77
50.8668       -6.13
50.8836       -6.56
50.9004        8.03
50.9171        8.73
50.9339       10.74
50.9506       -8.86
50.9674        8.83
50.9842        2.40
51.0009        2.63
51.0177        0.70
51.0344       16.37
51.0512        0.33
51.0680       -4.51
51.0847       -0.88
51.1015       -1.82
51.1182        3.02
51.1350       -1.03
51.1518        0.32
51.1685        7.00
51.1853        0.79
51.2020        4.86
51.2188        4.49
51.2356       -1.44
51.2523       12.25
51.2691       17.43
51.2858       10.17
51.3026        0.05
51.3194       -6.84
51.3361       -5.01
51.3529      -10.10
51.3696       -4.84
51.3864       -6.74
51.4032       -2.71
51.4199       -0.97
51.4367       -8.97
51.4534       -6.29
51.4702       -1.76
51.4870        1.70
51.5037        4.25
51.5205       -5.40
51.5372        8.04
51.5540        6.36
51.5708       -8.19
51.5875       -5.11
51.6043       -0.36
51.6210       -1.08
51.6378       -8.74
51.6546       -4.51
51.6713        1.25
51.6881        5.31
51.7048        9.38
51.7216        4.12
51.7384       -3.99
51.7551       -5.65
51.7719        5.84
51.7886       -5.00
51.8054       -2.53
51.8222        8.75
51.8389       -8.97
51.8557       -6.25
51.8724        3.49
51.8892       -8.54
51.9060        5.43
51.9227       12.14
51.9395        2.73
51.9562       -3.48
51.9730        0.43
51.9898       -5.59
52.0065       -7.91
52.0233      -19.28
52.0400      -11.98
52.0568       11.41
52.0736       -1.53
52.0903       -2.37
52.1071       -8.06
52.1238        1.13
52.1406       -6.59
52.1574       -1.83
52.1741       -4.95
52.1909       -9.09
52.2076        0.53
52.2244        2.83
52.2412        5.64
52.2579       -5.27
52.2747        2.13
52.2914       -4.17
52.3082        0.56
52.3250       -8.35
52.3417        6.51
52.3585        0.73
52.3752        6.09
52.3920        4.73
52.4088        5.88
52.4255        4.04
52.4423       -3.79
52.4590        3.22
52.4758        5.06
52.4926        5.94
52.5093        2.66
52.5261        2.47
52.5428       -2.26
52.5596        0.87
52.5764       -1.83
52.5931       -6.47
52.6099       -1.32
52.6266        2.71
52.6434        3.98
52.6602        6.02
52.6769        0.09
52.6937        3.54
52.7104       -3.01
52.7272      -10.10
52.7440       -5.40
52.7607       -1.74
52.7775        3.36
52.7942      -12.38
52.8110        5.11
52.8278       -2.22
52.8445      -10.18
52.8613       -1.01
52.8780       -0.91
52.8948        5.89
52.9116       -3.94
52.9283       -1.49
52.9451        4.45
52.9618       -4.64
52.9786        2.61
52.9954        2.88
53.0121       -3.11
53.0289        0.93
53.0456        2.83
53.0624        1.23
53.0792        7.63
53.0959       15.34
53.1127       -1.91
53.1294       -8.31
53.1462       -0.51
53.1630       14.01
53.1797        9.67
53.1965        8.73
53.2132       -4.37
53.2300       10.25
53.2468        4.95
53.2635       14.37
53.2803        7.59
53.2970        7.23
53.3138       -0.13
53.3306       -7.62
53.3473       -9.65
53.3641       -7.22
53.3808       -0.15
53.3976        1.08
53.4144        2.80
53.4311        7.76
53.4479        8.34
53.4646        5.12
53.4814        9.11
53.4982        9.01
53.5149        0.87
53.5317       -0.63
53.5484        8.02
53.5652       -2.16
53.5820       -1.87
53.5987       -1.07
53.6155       -6.09
53.6322       -0.15
53.6490       14.13
53.6658        3.81
53.6825       -5.64
53.6993       10.96
53.7160        3.63
53.7328        8.57
53.7496       11.28
53.7663       19.42
53.7831        7.98
53.7998        1.90
53.8166       -2.17
53.8334        0.88
53.8501        3.15
53.8669        3.34
53.8836       -2.32
53.9004        3.15
53.9172       -8.44
53.9339        7.33
53.9507       -8.38
53.9674        1.32
53.9842        0.51
54.0010       15.65
54.0177       -3.97
54.0345        1.20
54.0512        0.28
54.0680        3.88
54.0848       -2.04
54.1015        9.08
54.1183        6.62
54.1350        3.50
54.1518        3.51
54.1686        1.31
54.1853       -1.52
54.2021        7.43
54.2188        6.85
54.2356        1.11
54.2524        2.32
54.2691       -0.90
54.2859        3.44
54.3026        5.42
54.3194        9.24
54.3362       -3.13
54.3529       -8.37
54.3697       -3.21
54.3864        1.65
54.4032        0.55
54.4200       -0.33
54.4367        2.06
54.4535       -2.48
54.4702       -5.03
54.4870        2.28
54.5038       -5.12
54.5205       -0.50
54.5373       -3.45
54.5540        1.14
54.5708        6.80
54.5876       -3.15
54.6043        0.19
54.6211       -8.07
54.6378      -11.88
54.6546        1.62
54.6714       -8.55
54.6881       11.55
54.7049       13.84
54.7216       -5.08
54.7384       -4.20
54.7552       -0.17
54.7719       -9.98
54.7887        3.90
54.8054        4.32
54.8222       11.19
54.8390        1.18
54.8557       -4.68
54.8725        5.95
54.8892        5.01
54.9060        1.05
54.9228        4.38
54.9395        2.43
54.9563       14.59
54.9730        1.89
54.9898        0.03
55.0066        6.95
55.0233        0.70
55.0401        5.57
55.0568       12.81
55.0736       12.50
55.0904       15.09
55.1071       17.72
55.1239       11.19
55.1406        7.23
55.1574       -2.92
55.1742       -5.65
55.1909       -7.32
55.2077        2.98
55.2244       -0.03
55.2412       -1.22
55.2580        2.93
55.2747        6.16
55.2915       13.66
55.3082       12.01
55.3250       11.69
55.3418       13.75
55.3585       12.72
55.3753       12.27
55.3920       18.80
55.4088       -3.13
55.4256        4.34
55.4423        4.55
55.4591        9.76
55.4758       -8.20
55.4926       16.94
55.5094       -6.92
55.5261       10.29
55.5429       -7.40
55.5596        4.40
55.5764        5.30
55.5932       16.69
55.6099       -1.13
55.6267        5.09
55.6434       21.52
55.6602       15.39
55.6770       12.08
55.6937       18.03
55.7105       16.49
55.7272       17.05
55.7440       19.10
55.7608       12.27
55.7775       -0.01
55.7943        6.90
55.8110       13.74
55.8278       22.23
55.8446       15.88
55.8613       17.76
55.8781        5.49
55.8948       11.64
55.9116       10.39
55.9284        8.84
55.9451       -2.04
55.9619        1.86
55.9786       10.67
55.9954        6.79
56.0122        0.66
56.0289       -1.30
56.0457        3.02
56.0624        3.23
56.0792       13.47
56.0960       11.99
56.1127       -0.67
56.1295       11.88
56.1462       -0.78
56.1630       -1.44
56.1798        0.62
56.1965       -8.56
56.2133       -9.19
56.2300        2.65
56.2468       -7.07
56.2636        2.78
56.2803        1.09
56.2971        6.54
56.3138       23.15
56.3306       11.28
56.3474       24.70
56.3641       10.00
56.3809       -2.25
56.3976        3.71
56.4144       10.38
56.4312        5.20
56.4479       10.96
56.4647        5.02
56.4814       -1.32
56.4982        7.47
56.5150        5.82
56.5317       16.50
56.5485       22.64
56.5652       13.11
56.5820       12.06
56.5988       10.93
56.6155        7.96
56.6323       12.91
56.6490       17.09
56.6658       23.44
56.6826        6.03
56.6993       21.13
56.7161       24.62
56.7328       16.74
56.7496        9.07
56.7664       18.19
56.7831        1.68
56.7999        7.25
56.8166       10.93
56.8334        0.54
56.8502        1.06
56.8669        5.00
56.8837       18.79
56.9004        5.35
56.9172        3.54
56.9340       17.10
56.9507       11.72
56.9675       -7.13
56.9842        7.07
57.0010        4.73
57.0178        1.69
57.0345        0.11
57.0513       -9.43
57.0680        3.42
57.0848       11.08
57.1016        9.23
57.1183        1.44
57.1351        9.81
57.1518        4.21
57.1686        2.96
57.1854       -3.19
57.2021        0.02
57.2189       11.44
57.2356        4.01
57.2524       -6.50
57.2692        3.87
57.2859        6.71
57.3027        9.83
57.3194       10.93
57.3362       12.30
57.3530        3.63
57.3697       21.72
57.3865       21.95
57.4032       33.87
57.4200       29.43
57.4368       29.33
57.4535       27.90
57.4703       36.68
57.4870       30.25
57.5038       25.87
57.5206       65.05
57.5373       45.65
57.5541       39.34
57.5708       29.61
57.5876       26.63
57.6044       18.20
57.6211       35.48
57.6379       32.37
57.6546       25.40
57.6714       25.22
57.6882       27.75
57.7049       17.80
57.7217       11.66
57.7384       19.18
57.7552       17.14
57.7720       15.90
57.7887        9.90
57.8055        4.67
57.8222        3.08
57.8390        4.13
57.8558        9.97
57.8725        3.13
57.8893        6.39
57.9060        5.73
57.9228       15.15
57.9396        4.24
57.9563        3.19
57.9731        6.07
57.9898       -0.08
58.0066       -3.50
58.0234        1.08
58.0401       14.13
58.0569        5.51
58.0736       -3.16
58.0904        7.50
58.1072       -1.54
58.1239        8.19
58.1407        0.34
58.1574        4.23
58.1742        5.49
58.1910       18.74
58.2077       20.22
58.2245        7.24
58.2412        2.31
58.2580        7.50
58.2748       20.64
58.2915       12.12
58.3083        9.90
58.3250       -2.90
58.3418        5.30
58.3586       16.42
58.3753       10.25
58.3921        2.46
58.4088        5.48
58.4256        4.24
58.4424       -5.11
58.4591       -1.21
58.4759        4.54
58.4926        4.56
58.5094       -0.87
58.5262        3.70
58.5429       -5.25
58.5597       -3.21
58.5764       13.06
58.5932       10.01
58.6100        8.67
58.6267       17.61
58.6435        0.26
58.6602       12.06
58.6770        0.95
58.6938        8.57
58.7105       -5.49
58.7273      -10.01
58.7440        5.86
58.7608       13.47
58.7776        5.51
58.7943        6.89
58.8111        2.07
58.8278       10.82
58.8446       -0.89
58.8614       -7.37
58.8781        9.65
58.8949        5.60
58.9116        0.29
58.9284        4.99
58.9452        5.01
58.9619        0.97
58.9787       -5.12
58.9954       -5.81
59.0122        3.48
59.0290        0.23
59.0457       -2.25
59.0625       -0.89
59.0792       -2.33
59.0960       -2.86
59.1128        3.47
59.1295       10.09
59.1463        2.65
59.1630        6.50
59.1798       -5.63
59.1966       15.97
59.2133        7.43
59.2301        7.19
59.2468        3.60
59.2636       10.65
59.2804        4.13
59.2971       11.84
59.3139       14.60
59.3306        8.85
59.3474       -0.22
59.3642        2.39
59.3809        2.92
59.3977       -0.01
59.4144       11.18
59.4312       11.00
59.4480       -5.51
59.4647       -3.87
59.4815       -3.61
59.4982       -0.30
59.5150       -1.35
59.5318        4.06
59.5485        5.12
59.5653        4.02
59.5820        4.01
59.5988        1.95
59.6156       -6.18
59.6323       10.37
59.6491        7.17
59.6658        3.69
59.6826        6.96
59.6994        1.87
59.7161       22.43
59.7329        5.61
59.7496       15.23
59.7664        7.41
59.7832        7.05
59.7999        4.63
59.8167       12.16
59.8334        4.27
59.8502        0.29
59.8670        0.84
59.8837       -6.02
59.9005       -3.96
59.9172       10.97
59.9340       31.48
59.9508       21.14
59.9675       17.22
59.9843        8.54
60.0010        4.75
60.0178        6.89
60.0346       -0.20
60.0513        1.13
60.0681       -0.62
60.0848       -1.26
60.1016        3.73
60.1184       12.99
60.1351       -5.46
60.1519        4.34
60.1686        7.32
60.1854       -7.13
60.2022        6.30
60.2189      -10.20
60.2357       13.29
60.2524       12.13
60.2692      -12.15
60.2860       16.84
60.3027       -2.16
60.3195        5.57
60.3362       22.23
60.3530        6.24
60.3698       -6.50
60.3865       -2.06
60.4033       -2.66
60.4200       -3.48
60.4368       -1.46
60.4536       11.18
60.4703       10.18
60.4871        1.73
60.5038        1.94
60.5206        5.94
60.5374       -5.06
60.5541       -2.81
60.5709        3.94
60.5876       12.53
60.6044       13.53
60.6212      -13.00
60.6379        1.47
60.6547       21.00
60.6714       24.89
60.6882        9.71
60.7050        5.04
60.7217       40.53
60.7385       24.73
60.7552       20.38
60.7720       16.08
60.7888       24.35
60.8055       30.53
60.8223       27.95
60.8390       20.41
60.8558       12.74
60.8726       20.19
60.8893       14.19
60.9061        3.46
60.9228       10.02
60.9396       19.85
60.9564       13.62
60.9731        9.68
60.9899       28.37
61.0066       20.08
61.0234       15.64
61.0402       31.77
61.0569       29.19
61.0737       23.58
61.0904       26.08
61.1072       33.69
61.1240       16.60
61.1407        3.40
61.1575       10.55
61.1742        6.80
61.1910       12.68
61.2078       11.93
61.2245        4.14
61.2413        2.65
61.2580       11.41
61.2748        7.59
61.2916       13.41
61.3083       19.33
61.3251       15.17
61.3418       14.93
61.3586       15.99
61.3754       18.17
61.3921       18.48
61.4089       11.45
61.4256        9.36
61.4424       18.42
61.4592       24.50
61.4759       16.14
61.4927       21.28
61.5094       15.20
61.5262       15.69
61.5430        7.96
61.5597       13.52
61.5765       12.56
61.5932       20.11
61.6100        8.38
61.6268        5.26
61.6435       24.30
61.6603        2.46
61.6770       18.33
61.6938       16.75
61.7106        9.36
61.7273        3.55
61.7441       -0.62
61.7608        5.55
61.7776        3.45
61.7944        1.36
61.8111        8.61
61.8279       17.17
61.8446       13.98
61.8614        6.30
61.8782        4.62
61.8949       10.09
61.9117       -1.96
61.9284       11.36
61.9452       -3.82
61.9620       -8.32
61.9787        0.62
61.9955        9.20
62.0122       -3.17
62.0290        9.67
62.0458        4.17
62.0625       14.40
62.0793       -9.50
62.0960       -1.07
62.1128       14.66
62.1296       -0.15
62.1463        0.87
62.1631        5.01
62.1798       11.18
62.1966        6.41
62.2134       -8.05
62.2301        5.09
62.2469       10.72
62.2636        4.46
62.2804        0.52
62.2972        5.87
62.3139        9.64
62.3307       -3.01
62.3474       -3.94
62.3642       -7.11
62.3810       11.34
62.3977       -1.74
62.4145        2.78
62.4312        5.41
62.4480       -2.40
62.4648       -0.35
62.4815        4.77
62.4983       -3.90
62.5150        0.82
62.5318       -3.75
62.5486       -5.34
62.5653        4.27
62.5821        3.25
62.5988       11.63
62.6156        6.54
62.6324      -10.93
62.6491       -5.82
62.6659       -3.78
62.6826        6.56
62.6994       15.24
62.7162        0.95
62.7329        5.64
62.7497       14.12
62.7664       12.08
62.7832        3.00
62.8000        4.58
62.8167       -3.87
62.8335        2.66
62.8502       -0.83
62.8670       11.09
62.8838       10.80
62.9005        5.96
62.9173       -2.64
62.9340        0.22
62.9508        2.65
62.9676       -1.05
62.9843        5.13
63.0011       -0.07
63.0178        4.17
63.0346        3.88
63.0514        8.92
63.0681       12.96
63.0849       11.79
63.1016        5.96
63.1184       13.59
63.1352        7.59
63.1519        1.42
63.1687       12.04
63.1854       19.93
63.2022        5.04
63.2190       19.54
63.2357       20.89
63.2525       10.86
63.2692        8.88
63.2860        8.68
63.3028        9.42
63.3195       22.65
63.3363        8.75
63.3530       -2.41
63.3698        7.40
63.3866       10.71
63.4033        6.87
63.4201       11.34
63.4368       12.93
63.4536        1.37
63.4704        1.83
63.4871        0.64
63.5039       -1.79
63.5206        4.58
63.5374       -5.22
63.5542       -1.10
63.5709        9.34
63.5877        0.23
63.6044       -1.09
63.6212       -1.09
63.6380        6.92
63.6547        7.34
63.6715       11.37
63.6882       -0.11
63.7050        5.36
63.7218        5.49
63.7385        2.73
63.7553        7.67
63.7720        7.49
63.7888        4.17
63.8056        4.93
63.8223        6.02
63.8391        1.70
63.8558       -2.13
63.8726       -2.89
63.8894        2.71
63.9061        2.17
63.9229        4.32
63.9396        0.18
63.9564       -2.55
63.9732        6.48
63.9899       -8.29
64.0067       -4.43
64.0234       12.05
64.0402       -7.54
64.0570      -11.87
64.0737       -0.23
64.0905      -12.13
64.1072       -2.81
64.1240        4.17
64.1408       11.03
64.1575        5.77
64.1743       -6.35
64.1910       -1.09
64.2078        4.48
64.2246        1.19
64.2413       -5.61
64.2581       -6.85
64.2748       -0.19
64.2916        5.02
64.3084        0.75
64.3251       -0.11
64.3419        1.81
64.3586        7.90
64.3754        1.86
64.3922       -0.62
64.4089       11.49
64.4257       -6.57
64.4424       -8.47
64.4592        1.66
64.4760        4.80
64.4927      -10.15
64.5095        7.20
64.5262        3.81
64.5430        4.57
64.5598       13.86
64.5765        8.13
64.5933        2.62
64.6100        5.47
64.6268       11.20
64.6436       14.36
64.6603        8.09
64.6771       24.68
64.6938        6.30
64.7106       30.61
64.7274       38.76
64.7441       29.94
64.7609       18.70
64.7776       26.69
64.7944       18.87
64.8112       24.69
64.8279        9.93
64.8447        9.44
64.8614        6.16
64.8782       21.11
64.8950       20.29
64.9117       21.51
64.9285       25.17
64.9452       10.41
64.9620        6.57
64.9788       15.38
64.9955        3.23
65.0123       10.17
65.0290       13.72
65.0458        2.45
65.0626       33.85
65.0793       13.80
65.0961        9.64
65.1128        6.09
65.1296        5.72
65.1464        5.18
65.1631        8.80
65.1799        8.12
65.1966        5.06
65.2134       10.80
65.2302       17.31
65.2469        2.92
65.2637        4.78
65.2804       14.38
65.2972       20.01
65.3140       11.92
65.3307       16.44
65.3475        3.14
65.3642        9.47
65.3810        4.77
65.3978       10.46
65.4145       -7.20
65.4313       -0.89
65.4480        3.58
65.4648        0.93
65.4816        9.99
65.4983        7.27
65.5151        3.06
65.5318        6.96
65.5486       14.63
65.5654       12.44
65.5821       10.20
65.5989       14.50
65.6156       14.42
65.6324       26.58
65.6492       23.18
65.6659       17.05
65.6827       16.26
65.6994       23.55
65.7162       20.32
65.7330       24.33
65.7497       32.70
65.7665       15.50
65.7832       26.34
65.8000       21.65
65.8168        3.19
65.8335       12.47
65.8503       14.51
65.8670       15.68
65.8838       15.60
65.9006       12.31
65.9173        5.92
65.9341        7.20
65.9508       17.58
65.9676       12.25
65.9844        7.49
66.0011        5.29
66.0179       10.29
66.0346       18.41
66.0514       20.57
66.0682        3.85
66.0849       -6.01
66.1017        7.29
66.1184        6.54
66.1352      -10.18
66.1520        4.42
66.1687       11.52
66.1855        9.33
66.2022       11.47
66.2190       17.73
66.2358       17.29
66.2525        9.16
66.2693        1.28
66.2860        4.64
66.3028       14.50
66.3196       -0.76
66.3363       -2.05
66.3531       -0.12
66.3698       -4.03
66.3866        9.17
66.4034        5.58
66.4201       15.92
66.4369       -3.04
66.4536       12.83
66.4704        3.27
66.4872        0.48
66.5039       -4.04
66.5207        0.97
66.5374       -0.67
66.5542       -8.10
66.5710       -6.69
66.5877       -4.88
66.6045       -0.48
66.6212        0.68
66.6380       -6.58
66.6548       12.80
66.6715       -9.74
66.6883       22.73
66.7050       -0.84
66.7218       -4.36
66.7386       -2.06
66.7553        0.35
66.7721       -3.27
66.7888       -3.10
66.8056       -0.96
66.8224       -8.05
66.8391       -2.89
66.8559      -10.40
66.8726      -13.54
66.8894      -16.61
66.9062       -8.55
66.9229       -3.80
66.9397      -14.12
66.9564      -14.03
66.9732       -8.22
66.9900      -17.33
67.0067        6.29
67.0235       -4.80
67.0402       -7.09
67.0570      -12.09
67.0738       -6.02
67.0905      -11.69
67.1073      -11.91
67.1240      -16.03
67.1408      -13.82
67.1576       -9.76
67.1743       -5.52
67.1911       -7.26
67.2078       -1.49
67.2246      -10.97
67.2414       -8.30
67.2581       -7.80
67.2749        0.00
