10.0000        0.00
10.0200       18.40
10.0400       14.76
10.0600        9.62
10.0800       14.36
10.1000       17.79
10.1200       12.41
10.1400        6.33
10.1600       11.09
10.1800       15.33
10.2000       15.57
10.2200        8.41
10.2400        2.65
10.2600        1.91
10.2800        9.38
10.3000       15.12
10.3200       16.65
10.3400       18.09
10.3600       12.29
10.3800       -3.36
10.4000      -17.00
10.4200      -12.07
10.4400        0.54
10.4600        0.13
10.4800       -7.73
10.5000      -10.34
10.5200       -4.84
10.5400       -6.04
10.5600       -8.44
10.5800       -1.57
10.6000       11.91
10.6200       16.45
10.6400        5.38
10.6600       -5.68
10.6800       -5.56
10.7000        2.70
10.7200        6.35
10.7400        5.98
10.7600        6.88
10.7800        6.53
10.8000        2.29
10.8200       -1.61
10.8400       -3.41
10.8600       -7.36
10.8800      -11.39
10.9000       -6.72
10.9200        3.94
10.9400       12.68
10.9600       11.85
10.9800        9.27
11.0000       -0.82
11.0200       -4.23
11.0400       -1.67
11.0600        8.38
11.0800        7.56
11.1000        5.62
11.1200       -4.99
11.1400      -15.91
11.1600      -20.61
11.1800       -4.00
11.2000       11.31
11.2200       13.97
11.2400        3.31
11.2600       -2.76
11.2800       -6.07
11.3000       -2.47
11.3200        8.01
11.3400       18.25
11.3600       15.45
11.3800        3.04
11.4000       -3.60
11.4200        3.66
11.4400       11.91
11.4600        7.26
11.4800      -10.71
11.5000      -13.98
11.5200       -1.06
11.5400       13.58
11.5600       10.12
11.5800        3.21
11.6000       -0.98
11.6200       -6.79
11.6400       -9.69
11.6600       -8.97
11.6800       -0.07
11.7000        3.88
11.7200       11.60
11.7400       12.55
11.7600       13.67
11.7800       16.38
11.8000       19.24
11.8200       13.99
11.8400        0.60
11.8600       -5.23
11.8800       -4.21
11.9000        1.61
11.9200        3.31
11.9400        2.97
11.9600       -3.88
11.9800      -11.38
12.0000      -12.68
12.0200       -5.45
12.0400       -0.32
12.0600        1.93
12.0800        0.66
12.1000       -0.08
12.1200        2.36
12.1400        9.77
12.1600        8.99
12.1800       -0.88
12.2000       -1.80
12.2200        8.16
12.2400       20.41
12.2600       17.99
12.2800        8.58
12.3000       -7.30
12.3200      -11.21
12.3400       -6.65
12.3600       -1.87
12.3800       -5.07
12.4000       -1.15
12.4200       11.96
12.4400       18.46
12.4600       11.10
12.4800        1.60
12.5000        4.25
12.5200       13.21
12.5400       20.00
12.5600       16.93
12.5800        9.35
12.6000        3.04
12.6200        2.82
12.6400       12.67
12.6600       20.71
12.6800       22.66
12.7000       12.45
12.7200       10.53
12.7400       15.48
12.7600       31.15
12.7800       36.92
12.8000       31.73
12.8200       16.22
12.8400        7.27
12.8600        5.71
12.8800        6.79
12.9000       12.67
12.9200       20.86
12.9400       30.47
12.9600       27.66
12.9800       23.73
13.0000       19.59
13.0200       24.43
13.0400       23.52
13.0600       22.94
13.0800       19.83
13.1000       17.52
13.1200       16.92
13.1400       22.54
13.1600       20.37
13.1800        8.84
13.2000        5.47
13.2200       19.70
13.2400       28.69
13.2600       31.49
13.2800       28.70
13.3000       34.44
13.3200       37.49
13.3400       48.84
13.3600       51.53
13.3800       53.34
13.4000       49.23
13.4200       53.40
13.4400       50.38
13.4600       45.44
13.4800       36.66
13.5000       34.98
13.5200       33.74
13.5400       35.08
13.5600       29.06
13.5800       17.26
13.6000       10.35
13.6200       18.24
13.6400       28.52
13.6600       26.59
13.6800       10.54
13.7000        2.66
13.7200       10.56
13.7400       26.58
13.7600       27.92
13.7800       20.34
13.8000       15.71
13.8200       17.32
13.8400       19.15
13.8600       20.58
13.8800       21.31
13.9000       16.32
13.9200        4.79
13.9400        0.31
13.9600        6.25
13.9800       21.03
14.0000       33.04
14.0200       31.61
14.0400       22.78
14.0600       17.51
14.0800       25.99
14.1000       30.57
14.1200       29.46
14.1400       20.24
14.1600       20.58
14.1800       31.98
14.2000       39.85
14.2200       31.16
14.2400       21.27
14.2600       22.34
14.2800       20.69
14.3000       12.14
14.3200       14.76
14.3400       29.23
14.3600       36.17
14.3800       29.44
14.4000       24.89
14.4200       22.60
14.4400       22.11
14.4600       26.00
14.4800       31.08
14.5000       24.72
14.5200       13.90
14.5400        8.68
14.5600       10.98
14.5800       14.35
14.6000       21.34
14.6200       29.20
14.6400       37.74
14.6600       36.83
14.6800       24.63
14.7000        7.32
14.7200       -1.57
14.7400        3.96
14.7600       16.90
14.7800       25.52
14.8000       21.56
14.8200       14.30
14.8400        6.64
14.8600        2.06
14.8800        1.49
14.9000       11.91
14.9200       19.08
14.9400       14.83
14.9600        5.30
14.9800        5.29
15.0000        7.99
15.0200        7.65
15.0400       13.63
15.0600       25.37
15.0800       32.17
15.1000       24.20
15.1200       12.01
15.1400        3.84
15.1600        6.88
15.1800       14.07
15.2000       21.92
15.2200       26.04
15.2400       26.26
15.2600       18.88
15.2800       14.75
15.3000       12.64
15.3200       21.15
15.3400       26.07
15.3600       21.77
15.3800       11.16
15.4000       16.55
15.4200       28.35
15.4400       33.36
15.4600       32.79
15.4800       32.79
15.5000       27.45
15.5200       19.99
15.5400       15.77
15.5600       19.09
15.5800       24.59
15.6000       27.29
15.6200       24.93
15.6400       24.32
15.6600       23.09
15.6800       22.09
15.7000       22.82
15.7200       29.76
15.7400       27.19
15.7600       18.01
15.7800        7.38
15.8000        9.39
15.8200       14.49
15.8400       15.59
15.8600       11.00
15.8800       11.65
15.9000       18.41
15.9200       22.58
15.9400       23.11
15.9600       19.92
15.9800       13.12
16.0000        8.91
16.0200       11.51
16.0400       15.62
16.0600       13.77
16.0800       11.69
16.1000       14.69
16.1200       14.66
16.1400       11.56
16.1600        5.74
16.1800        6.65
16.2000        7.26
16.2200       11.73
16.2400       12.32
16.2600       13.58
16.2800       16.30
16.3000       19.13
16.3200       13.66
16.3400       14.64
16.3600       20.78
16.3800       26.34
16.4000       18.79
16.4200       11.40
16.4400        5.76
16.4600       13.39
16.4800       23.84
16.5000       21.33
16.5200       15.14
16.5400       13.43
16.5600       18.12
16.5800       15.60
16.6000       18.89
16.6200       16.16
16.6400       12.30
16.6600        5.70
16.6800        2.16
16.7000       -1.07
16.7200        4.38
16.7400       12.50
16.7600       10.79
16.7800        3.34
16.8000        4.15
16.8200       11.52
16.8400       17.70
16.8600       17.41
16.8800       18.14
16.9000       14.84
16.9200       12.83
16.9400        2.82
16.9600        2.21
16.9800        9.49
17.0000       21.33
17.0200       14.77
17.0400        4.03
17.0600        4.31
17.0800       15.30
17.1000       22.94
17.1200       19.73
17.1400       13.98
17.1600        8.54
17.1800       10.64
17.2000       10.91
17.2200       13.40
17.2400       15.14
17.2600       18.77
17.2800       12.10
17.3000        7.45
17.3200        0.63
17.3400       -4.68
17.3600       -5.91
17.3800        4.53
17.4000        3.94
17.4200       -4.20
17.4400       -3.63
17.4600        8.48
17.4800        9.35
17.5000        7.64
17.5200        6.19
17.5400        2.29
17.5600       -2.89
17.5800        2.87
17.6000       10.81
17.6200        7.68
17.6400        1.03
17.6600       -5.27
17.6800       -7.94
17.7000       -7.03
17.7200       -1.80
17.7400        1.61
17.7600        0.42
17.7800        1.69
17.8000        8.52
17.8200       15.52
17.8400       17.00
17.8600       13.45
17.8800        9.13
17.9000        2.91
17.9200        3.27
17.9400        8.36
17.9600       11.77
17.9800        9.60
18.0000        3.68
18.0200       -1.17
18.0400        3.64
18.0600        7.66
18.0800        6.63
18.1000        3.23
18.1200        9.21
18.1400        4.07
18.1600       -2.08
18.1800       -1.49
18.2000        3.30
18.2200        0.24
18.2400       -2.86
18.2600       -0.67
18.2800       -0.76
18.3000       -1.29
18.3200       -1.67
18.3400       -0.75
18.3600        0.50
18.3800        6.60
18.4000       11.35
18.4200       12.05
18.4400       11.44
18.4600       10.48
18.4800       10.08
18.5000        4.60
18.5200        3.37
18.5400       -0.03
18.5600        4.89
18.5800        5.90
18.6000        5.16
18.6200       -1.16
18.6400       -1.24
18.6600       -0.99
18.6800       -5.32
18.7000       -9.99
18.7200       -8.56
18.7400       -1.89
18.7600        9.25
18.7800       13.25
18.8000       10.79
18.8200        7.12
18.8400       14.09
18.8600       13.21
18.8800        6.15
18.9000       -3.38
18.9200       -7.39
18.9400      -11.44
18.9600      -12.70
18.9800      -11.79
19.0000       -4.20
19.0200        2.38
19.0400        8.70
19.0600       13.27
19.0800       19.10
19.1000       14.77
19.1200        4.00
19.1400       -2.17
19.1600        1.67
19.1800        7.30
19.2000        3.45
19.2200       -0.63
19.2400       -0.83
19.2600       -1.89
19.2800       -5.51
19.3000       -0.01
19.3200        9.56
19.3400        9.71
19.3600        2.57
19.3800        2.70
19.4000        6.15
19.4200        7.46
19.4400        2.65
19.4600        2.53
19.4800        6.23
19.5000       15.19
19.5200       15.00
19.5400        6.44
19.5600       -3.79
19.5800       -6.57
19.6000       -7.94
19.6200       -6.52
19.6400       -1.19
19.6600        2.63
19.6800       -2.41
19.7000       -9.71
19.7200       -7.41
19.7400        3.50
19.7600       10.46
19.7800        5.97
19.8000       -1.91
19.8200       -1.08
19.8400        8.70
19.8600       15.54
19.8800        6.21
19.9000       -5.73
19.9200       -8.18
19.9400        0.62
19.9600        2.84
19.9800        2.33
20.0000       -0.21
20.0200       -0.38
20.0400       -1.06
20.0600       -0.44
20.0800       -0.01
20.1000       -6.53
20.1200      -10.72
20.1400       -6.24
20.1600        9.42
20.1800       12.47
20.2000        5.21
20.2200       -4.46
20.2400       -5.75
20.2600       -8.26
20.2800       -4.79
20.3000        4.66
20.3200       11.49
20.3400        9.22
20.3600        3.00
20.3800       -3.91
20.4000      -15.34
20.4200      -14.19
20.4400        0.21
20.4600       15.90
20.4800       12.99
20.5000       12.18
20.5200       18.41
20.5400       25.00
20.5600       18.89
20.5800       12.08
20.6000       10.43
20.6200       11.41
20.6400       13.16
20.6600       16.19
20.6800       14.56
20.7000        9.42
20.7200        7.78
20.7400       11.25
20.7600       10.53
20.7800        6.05
20.8000        7.33
20.8200        9.07
20.8400        8.20
20.8600        1.92
20.8800       -1.47
20.9000       -3.11
20.9200        2.81
20.9400        9.71
20.9600       11.82
20.9800        4.45
21.0000       -1.99
21.0200       -5.79
21.0400       -4.33
21.0600       -4.41
21.0800       -7.36
21.1000       -5.91
21.1200        2.40
21.1400        8.78
21.1600        0.33
21.1800       -5.28
21.2000       -1.19
21.2200        9.02
21.2400        9.83
21.2600        4.21
21.2800       -3.70
21.3000       -7.82
21.3200       -1.60
21.3400        9.61
21.3600       12.85
21.3800        3.60
21.4000       -4.88
21.4200       -5.30
21.4400       -2.74
21.4600        4.51
21.4800        4.96
21.5000       -1.35
21.5200       -9.49
21.5400       -6.26
21.5600       -2.04
21.5800        0.76
21.6000        8.56
21.6200       13.56
21.6400        9.43
21.6600       -3.29
21.6800       -9.58
21.7000       -9.12
21.7200       -3.17
21.7400        0.19
21.7600        3.41
21.7800        6.56
21.8000        6.53
21.8200        2.51
21.8400        5.22
21.8600       13.14
21.8800       13.09
21.9000        7.08
21.9200        1.65
21.9400        2.83
21.9600        3.37
21.9800        6.21
22.0000        3.32
22.0200        6.23
22.0400       10.20
22.0600       11.81
22.0800        4.96
22.1000        5.29
22.1200        8.65
22.1400        9.80
22.1600        5.61
22.1800       -1.61
22.2000       -3.90
22.2200        2.96
22.2400        7.40
22.2600        0.07
22.2800       -6.76
22.3000       -3.27
22.3200       -1.57
22.3400       -4.30
22.3600       -8.05
22.3800       -9.67
22.4000      -11.58
22.4200       -8.47
22.4400        0.42
22.4600        7.69
22.4800        7.94
22.5000        3.02
22.5200       -3.14
22.5400      -10.57
22.5600       -8.70
22.5800       -1.19
22.6000        6.13
22.6200        4.14
22.6400        5.91
22.6600        3.40
22.6800        0.01
22.7000       -6.93
22.7200       -5.89
22.7400       -2.74
22.7600        5.63
22.7800        7.72
22.8000        7.28
22.8200        6.19
22.8400       10.45
22.8600        8.18
22.8800       -3.04
22.9000      -11.93
22.9200       -1.96
22.9400       13.29
22.9600       13.20
22.9800       -4.08
23.0000      -13.63
23.0200      -11.04
23.0400       -0.17
23.0600        5.18
23.0800        6.39
23.1000        3.48
23.1200       -0.03
23.1400       -1.45
23.1600        2.01
23.1800        7.25
23.2000        4.99
23.2200        1.04
23.2400        2.78
23.2600        9.01
23.2800        8.40
23.3000        1.34
23.3200       -7.90
23.3400      -11.02
23.3600      -10.35
23.3800       -5.54
23.4000        0.22
23.4200        5.78
23.4400        3.57
23.4600       -2.19
23.4800       -3.70
23.5000       -2.18
23.5200        1.94
23.5400        8.15
23.5600        9.45
23.5800       -1.12
23.6000       -9.66
23.6200       -6.29
23.6400       -1.13
23.6600        2.61
23.6800        9.02
23.7000       13.82
23.7200        4.56
23.7400       -2.18
23.7600        2.35
23.7800        6.37
23.8000       -0.34
23.8200       -1.49
23.8400        6.27
23.8600       12.90
23.8800       14.68
23.9000       15.16
23.9200       14.25
23.9400       11.96
23.9600       13.97
23.9800       18.51
24.0000       25.53
24.0200       31.42
24.0400       31.43
24.0600       29.35
24.0800       29.96
24.1000       39.26
24.1200       48.53
24.1400       55.56
24.1600       54.33
24.1800       47.79
24.2000       43.50
24.2200       39.09
24.2400       35.22
24.2600       30.79
24.2800       33.97
24.3000       36.35
24.3200       42.55
24.3400       43.78
24.3600       47.18
24.3800       54.00
24.4000       65.79
24.4200       71.28
24.4400       77.61
24.4600       94.43
24.4800      111.77
24.5000      122.73
24.5200      119.82
24.5400      112.69
24.5600      108.31
24.5800      110.90
24.6000      112.93
24.6200      111.05
24.6400      103.76
24.6600       86.75
24.6800       68.94
24.7000       55.52
24.7200       44.39
24.7400       31.48
24.7600       24.23
24.7800       19.86
24.8000       15.30
24.8200       13.00
24.8400       13.04
24.8600       12.48
24.8800       14.49
24.9000       19.51
24.9200       18.50
24.9400       12.80
24.9600       16.57
24.9800       23.18
25.0000       26.92
25.0200       22.01
25.0400       17.15
25.0600        7.81
25.0800        0.92
25.1000       -2.22
25.1200       -0.01
25.1400        5.08
25.1600        9.14
25.1800       13.89
25.2000       16.19
25.2200       13.26
25.2400        4.16
25.2600       -1.75
25.2800        0.99
25.3000        6.25
25.3200       11.95
25.3400       15.67
25.3600       15.84
25.3800       11.64
25.4000       13.05
25.4200       15.37
25.4400       12.30
25.4600        2.58
25.4800        0.68
25.5000       -1.13
25.5200       -0.27
25.5400        0.33
25.5600        8.87
25.5800       10.32
25.6000        6.20
25.6200       -0.25
25.6400        1.84
25.6600        8.63
25.6800       12.49
25.7000       10.13
25.7200       -0.35
25.7400       -6.04
25.7600       -2.86
25.7800        9.45
25.8000       10.11
25.8200        3.27
25.8400       -0.82
25.8600        4.65
25.8800        9.49
25.9000        6.69
25.9200        1.77
25.9400       -0.44
25.9600        7.61
25.9800       11.77
26.0000        7.36
26.0200       -1.43
26.0400       -1.15
26.0600       -0.09
26.0800       -2.47
26.1000       -0.88
26.1200        7.29
26.1400       10.60
26.1600        2.56
26.1800       -2.29
26.2000        3.59
26.2200       14.28
26.2400       17.44
26.2600       14.63
26.2800        4.86
26.3000       -2.70
26.3200       -8.26
26.3400       -3.15
26.3600       -0.39
26.3800        1.09
26.4000       -1.71
26.4200        4.82
26.4400       11.37
26.4600        9.37
26.4800        0.66
26.5000        0.44
26.5200        9.57
26.5400       14.91
26.5600       14.63
26.5800       11.81
26.6000        7.72
26.6200       -1.31
26.6400       -2.52
26.6600        5.19
26.6800       15.23
26.7000       14.48
26.7200       13.19
26.7400       14.67
26.7600       17.44
26.7800       12.00
26.8000        9.05
26.8200       13.37
26.8400       16.08
26.8600        9.32
26.8800        2.47
26.9000        3.44
26.9200        3.09
26.9400        4.14
26.9600        7.03
26.9800        6.66
27.0000       -1.44
27.0200       -2.13
27.0400       10.03
27.0600       18.57
27.0800       11.42
27.1000        2.03
27.1200        3.58
27.1400       15.75
27.1600       18.87
27.1800       19.19
27.2000       14.82
27.2200       13.53
27.2400        7.17
27.2600       13.18
27.2800       24.94
27.3000       30.46
27.3200       25.43
27.3400       23.62
27.3600       25.73
27.3800       22.68
27.4000       17.52
27.4200       13.51
27.4400        6.14
27.4600       -1.26
27.4800       -0.15
27.5000        7.26
27.5200       12.93
27.5400       13.32
27.5600       10.67
27.5800        4.30
27.6000        7.07
27.6200       13.86
27.6400       14.53
27.6600        4.71
27.6800        2.88
27.7000        8.56
27.7200       12.61
27.7400       14.40
27.7600       15.13
27.7800        9.99
27.8000       -1.17
27.8200       -4.96
27.8400       -2.70
27.8600       -1.87
27.8800       -4.11
27.9000       -1.66
27.9200        3.90
27.9400        7.40
27.9600        6.39
27.9800        6.58
28.0000        2.79
28.0200        0.34
28.0400        0.81
28.0600        7.32
28.0800        3.47
28.1000        0.12
28.1200        3.58
28.1400       15.16
28.1600       19.36
28.1800       16.72
28.2000       11.74
28.2200        7.20
28.2400        4.28
28.2600        2.91
28.2800        5.82
28.3000        6.73
28.3200        1.30
28.3400       -1.56
28.3600        0.88
28.3800        6.63
28.4000        6.65
28.4200        6.91
28.4400        4.32
28.4600        1.64
28.4800       -0.00
28.5000        0.90
28.5200        6.38
28.5400       11.88
28.5600       15.67
28.5800       10.90
28.6000        3.41
28.6200        0.21
28.6400        5.27
28.6600        8.35
28.6800        3.89
28.7000       -2.24
28.7200       -1.90
28.7400        2.02
28.7600        6.88
28.7800        8.58
28.8000        5.96
28.8200        1.94
28.8400        0.22
28.8600        4.32
28.8800        5.81
28.9000        7.68
28.9200        7.67
28.9400        7.78
28.9600        4.78
28.9800        0.91
29.0000       -1.94
29.0200       -3.58
29.0400       -0.65
29.0600        0.07
29.0800        1.16
29.1000        3.12
29.1200        6.40
29.1400        5.91
29.1600        6.07
29.1800        9.59
29.2000       10.14
29.2200        4.22
29.2400        0.60
29.2600        7.17
29.2800       17.29
29.3000       16.21
29.3200       11.93
29.3400       11.01
29.3600       11.91
29.3800        8.38
29.4000        7.79
29.4200        7.61
29.4400        5.25
29.4600        4.07
29.4800        8.17
29.5000        8.65
29.5200        5.66
29.5400        1.95
29.5600        2.97
29.5800        6.63
29.6000       14.18
29.6200       19.50
29.6400       16.86
29.6600        4.35
29.6800       -5.03
29.7000       -1.93
29.7200       10.96
29.7400       18.87
29.7600       25.60
29.7800       31.73
29.8000       34.91
29.8200       25.31
29.8400       17.55
29.8600       19.65
29.8800       27.72
29.9000       29.25
29.9200       24.30
29.9400       24.09
29.9600       30.74
29.9800       39.30
30.0000       38.15
30.0200       26.28
30.0400       10.73
30.0600       -0.09
30.0800       -0.44
30.1000        6.49
30.1200       14.67
30.1400       13.12
30.1600        3.53
30.1800       -2.63
30.2000        2.11
30.2200        7.87
30.2400        4.16
30.2600       -2.33
30.2800       -2.06
30.3000        3.51
30.3200        6.62
30.3400        3.09
30.3600       -2.32
30.3800        0.03
30.4000        9.58
30.4200       14.69
30.4400       11.49
30.4600        7.09
30.4800        7.14
30.5000       11.06
30.5200       17.52
30.5400       19.10
30.5600       14.17
30.5800        9.50
30.6000        7.32
30.6200        9.44
30.6400       12.95
30.6600       18.63
30.6800       18.90
30.7000       18.50
30.7200       16.15
30.7400       16.44
30.7600       25.50
30.7800       41.52
30.8000       50.01
30.8200       54.55
30.8400       72.95
30.8600      102.30
30.8800      122.65
30.9000      131.29
30.9200      140.01
30.9400      146.72
30.9600      138.63
30.9800      118.50
31.0000       98.11
31.0200       80.84
31.0400       59.01
31.0600       35.94
31.0800       23.40
31.1000       20.99
31.1200       23.29
31.1400       20.78
31.1600       20.35
31.1800       17.69
31.2000       21.22
31.2200       21.09
31.2400       20.86
31.2600       19.03
31.2800       28.05
31.3000       37.47
31.3200       40.95
31.3400       41.08
31.3600       40.33
31.3800       38.11
31.4000       32.14
31.4200       33.66
31.4400       36.84
31.4600       40.03
31.4800       37.09
31.5000       29.83
31.5200       19.92
31.5400       12.15
31.5600        7.75
31.5800        3.22
31.6000        2.37
31.6200        9.06
31.6400       16.06
31.6600       14.76
31.6800        8.49
31.7000        4.20
31.7200       -1.64
31.7400       -4.91
31.7600        0.53
31.7800        8.51
31.8000        5.21
31.8200        1.90
31.8400        8.53
31.8600       17.50
31.8800       15.26
31.9000       12.53
31.9200       15.64
31.9400       19.27
31.9600       13.69
31.9800        6.78
32.0000        9.66
32.0200       22.20
32.0400       31.82
32.0600       33.33
32.0800       35.89
32.1000       40.15
32.1200       38.45
32.1400       27.23
32.1600       17.26
32.1800       13.83
32.2000       11.02
32.2200        6.30
32.2400        1.63
32.2600        0.08
32.2800        0.31
32.3000        4.14
32.3200        7.80
32.3400        9.70
32.3600        6.01
32.3800        0.25
32.4000       -0.03
32.4200       11.86
32.4400       22.70
32.4600       20.71
32.4800       13.60
32.5000       15.65
32.5200       20.98
32.5400       27.16
32.5600       32.87
32.5800       41.12
32.6000       35.24
32.6200       28.14
32.6400       24.20
32.6600       26.30
32.6800       21.46
32.7000       18.76
32.7200       15.19
32.7400        9.41
32.7600        7.75
32.7800       12.55
32.8000       12.27
32.8200        9.60
32.8400       17.96
32.8600       28.91
32.8800       23.57
32.9000        9.68
32.9200        5.76
32.9400       12.84
32.9600       17.24
32.9800       13.96
33.0000        7.63
33.0200        7.69
33.0400       12.01
33.0600       14.20
33.0800       11.16
33.1000        7.95
33.1200        5.92
33.1400        2.60
33.1600       -0.29
33.1800       -2.30
33.2000        0.82
33.2200        8.99
33.2400       15.80
33.2600       11.12
33.2800        1.23
33.3000        1.12
33.3200        8.96
33.3400       10.05
33.3600        6.83
33.3800        5.36
33.4000        7.10
33.4200        5.50
33.4400        6.90
33.4600       14.74
33.4800       21.69
33.5000       21.71
33.5200       15.43
33.5400       13.08
33.5600       10.22
33.5800       10.18
33.6000       17.34
33.6200       25.65
33.6400       25.73
33.6600       20.90
33.6800       20.69
33.7000       20.84
33.7200       21.91
33.7400       20.57
33.7600       17.38
33.7800       14.96
33.8000       23.97
33.8200       32.97
33.8400       31.68
33.8600       23.44
33.8800       16.75
33.9000       13.03
33.9200       12.31
33.9400       16.32
33.9600       16.52
33.9800       13.21
34.0000       13.82
34.0200       23.11
34.0400       32.41
34.0600       31.95
34.0800       28.37
34.1000       30.97
34.1200       43.96
34.1400       61.36
34.1600       91.96
34.1800      116.05
34.2000      117.94
34.2200       92.14
34.2400       71.04
34.2600       59.24
34.2800       53.08
34.3000       45.25
34.3200       36.36
34.3400       26.53
34.3600       15.18
34.3800       10.05
34.4000        7.46
34.4200        5.80
34.4400        3.55
34.4600        4.09
34.4800        3.82
34.5000        1.92
34.5200        1.27
34.5400        0.46
34.5600        0.77
34.5800        2.16
34.6000        8.52
34.6200       11.52
34.6400       11.46
34.6600        8.55
34.6800       12.05
34.7000       13.24
34.7200       14.02
34.7400       13.68
34.7600       14.45
34.7800       11.71
34.8000       10.37
34.8200       15.82
34.8400       23.21
34.8600       27.88
34.8800       29.48
34.9000       32.15
34.9200       32.77
34.9400       25.85
34.9600       18.06
34.9800       15.68
35.0000       17.03
35.0200       15.08
35.0400       14.97
35.0600       14.73
35.0800        9.92
35.1000       -0.94
35.1200       -6.25
35.1400       -7.73
35.1600       -4.53
35.1800        0.39
35.2000        6.78
35.2200        7.05
35.2400        3.86
35.2600        4.16
35.2800        1.47
35.3000       -2.72
35.3200       -5.97
35.3400        0.82
35.3600        4.54
35.3800        6.53
35.4000        5.18
35.4200        6.98
35.4400        8.40
35.4600        8.46
35.4800        4.19
35.5000        0.67
35.5200       -0.27
35.5400       -0.95
35.5600       -0.93
35.5800        1.42
35.6000        2.80
35.6200        2.25
35.6400        6.17
35.6600       10.95
35.6800        8.04
35.7000        1.15
35.7200       -0.29
35.7400        3.94
35.7600        7.59
35.7800        9.73
35.8000        9.72
35.8200       11.13
35.8400       15.22
35.8600       16.61
35.8800       15.48
35.9000       16.23
35.9200       17.96
35.9400       13.37
35.9600        7.09
35.9800        7.94
36.0000       11.71
36.0200       12.54
36.0400        9.13
36.0600       10.32
36.0800       12.10
36.1000       14.44
36.1200       12.73
36.1400       12.89
36.1600       13.40
36.1800       18.21
36.2000       15.92
36.2200       11.47
36.2400        5.31
36.2600        4.73
36.2800        1.61
36.3000        2.87
36.3200        5.04
36.3400       13.72
36.3600       17.46
36.3800       16.23
36.4000        3.25
36.4200       -2.51
36.4400       -4.44
36.4600        0.01
36.4800       -2.51
36.5000        1.50
36.5200        6.89
36.5400       15.00
36.5600       12.36
36.5800        5.57
36.6000        0.56
36.6200        2.38
36.6400        8.64
36.6600       15.16
36.6800       20.98
36.7000       21.51
36.7200       22.55
36.7400       25.44
36.7600       26.55
36.7800       27.98
36.8000       30.15
36.8200       33.52
36.8400       31.89
36.8600       33.92
36.8800       36.02
36.9000       46.22
36.9200       70.89
36.9400      123.55
36.9600      190.55
36.9800      224.88
37.0000      193.71
37.0200      148.25
37.0400      163.88
37.0600      213.54
37.0800      209.35
37.1000      140.74
37.1200       93.69
37.1400       92.24
37.1600       93.79
37.1800       69.45
37.2000       44.00
37.2200       34.41
37.2400       33.19
37.2600       30.03
37.2800       25.79
37.3000       23.91
37.3200       24.70
37.3400       33.45
37.3600       46.88
37.3800       58.91
37.4000       61.13
37.4200       60.61
37.4400       59.40
37.4600       58.94
37.4800       55.40
37.5000       47.60
37.5200       34.12
37.5400       22.80
37.5600       20.78
37.5800       23.12
37.6000       18.83
37.6200       10.86
37.6400        6.90
37.6600        7.54
37.6800        4.84
37.7000       -2.03
37.7200       -9.87
37.7400      -10.96
37.7600       -5.85
37.7800       -0.41
37.8000       -0.94
37.8200       -2.78
37.8400       -2.06
37.8600        3.48
37.8800        5.65
37.9000        1.28
37.9200       -0.82
37.9400        9.58
37.9600       21.67
37.9800       21.82
38.0000       17.76
38.0200       18.99
38.0400       32.78
38.0600       48.79
38.0800       54.87
38.1000       44.18
38.1200       38.68
38.1400       43.29
38.1600       45.26
38.1800       39.39
38.2000       33.44
38.2200       33.32
38.2400       34.33
38.2600       35.64
38.2800       35.09
38.3000       34.68
38.3200       34.84
38.3400       33.37
38.3600       32.39
38.3800       34.96
38.4000       38.11
38.4200       35.04
38.4400       32.96
38.4600       41.34
38.4800       49.54
38.5000       46.59
38.5200       36.65
38.5400       38.20
38.5600       40.39
38.5800       40.01
38.6000       33.05
38.6200       35.80
38.6400       37.07
38.6600       39.67
38.6800       35.51
38.7000       37.37
38.7200       39.28
38.7400       40.61
38.7600       30.96
38.7800       24.37
38.8000       22.63
38.8200       27.33
38.8400       26.15
38.8600       20.58
38.8800       12.79
38.9000       19.33
38.9200       33.15
38.9400       41.85
38.9600       36.29
38.9800       30.64
39.0000       27.83
39.0200       24.99
39.0400       20.30
39.0600       18.66
39.0800       19.29
39.1000       15.26
39.1200       10.74
39.1400        8.02
39.1600        7.48
39.1800        4.78
39.2000        3.33
39.2200        3.38
39.2400        4.67
39.2600        6.76
39.2800        6.14
39.3000        5.01
39.3200        2.68
39.3400        2.61
39.3600        3.57
39.3800        8.03
39.4000       10.56
39.4200        8.04
39.4400        7.24
39.4600       11.60
39.4800       15.56
39.5000       10.63
39.5200        6.65
39.5400        8.86
39.5600       17.90
39.5800       28.56
39.6000       34.49
39.6200       29.14
39.6400       19.05
39.6600       17.98
39.6800       21.40
39.7000       20.43
39.7200       14.84
39.7400       12.26
39.7600       15.92
39.7800       19.18
39.8000       20.44
39.8200       14.94
39.8400       10.96
39.8600        4.85
39.8800        4.36
39.9000        4.82
39.9200        9.04
39.9400        7.86
39.9600        6.37
39.9800        3.13
40.0000        5.85
40.0200        6.12
40.0400        2.79
40.0600       -0.06
40.0800        5.45
40.1000       11.85
40.1200        8.11
40.1400        5.63
40.1600        7.36
40.1800       14.73
40.2000       15.00
40.2200        9.11
40.2400       -0.01
40.2600        1.54
40.2800       12.01
40.3000       14.43
40.3200        8.92
40.3400        4.62
40.3600       10.30
40.3800       15.26
40.4000       20.44
40.4200       15.39
40.4400        8.27
40.4600        1.72
40.4800        9.09
40.5000       15.84
40.5200       16.83
40.5400       12.98
40.5600       15.57
40.5800       16.56
40.6000       12.56
40.6200       11.63
40.6400       14.02
40.6600       12.63
40.6800       12.32
40.7000       18.66
40.7200       16.51
40.7400        5.31
40.7600       -0.99
40.7800        8.55
40.8000       11.91
40.8200        9.42
40.8400        3.02
40.8600        3.82
40.8800        0.89
40.9000       -0.43
40.9200       -0.86
40.9400        3.91
40.9600        8.34
40.9800        5.60
41.0000       -1.18
41.0200       -0.65
41.0400       13.03
41.0600       20.50
41.0800       14.38
41.1000        0.74
41.1200       -3.35
41.1400       -1.64
41.1600        2.09
41.1800        4.97
41.2000        8.20
41.2200        6.10
41.2400        0.94
41.2600       -1.02
41.2800        0.78
41.3000        1.05
41.3200        5.04
41.3400       15.98
41.3600       23.84
41.3800       19.38
41.4000       10.21
41.4200       10.87
41.4400       11.89
41.4600        5.16
41.4800       -0.85
41.5000       10.35
41.5200       22.43
41.5400       17.94
41.5600        4.67
41.5800        2.04
41.6000        7.77
41.6200       10.93
41.6400        9.04
41.6600        7.80
41.6800        9.62
41.7000       12.14
41.7200       14.62
41.7400       12.73
41.7600        8.40
41.7800        1.62
41.8000       -1.14
41.8200       -3.82
41.8400        1.43
41.8600       13.39
41.8800       28.76
41.9000       37.67
41.9200       46.32
41.9400       49.84
41.9600       48.06
41.9800       38.70
42.0000       34.59
42.0200       33.25
42.0400       33.93
42.0600       26.99
42.0800       16.46
42.1000       11.03
42.1200        9.48
42.1400        8.48
42.1600        3.49
42.1800        5.50
42.2000        6.34
42.2200        9.12
42.2400        5.80
42.2600        4.55
42.2800        0.21
42.3000       -0.89
42.3200       -1.06
42.3400        3.86
42.3600        9.54
42.3800       10.80
42.4000        8.45
42.4200        8.83
42.4400       11.08
42.4600       10.96
42.4800       12.99
42.5000       20.03
42.5200       26.61
42.5400       33.74
42.5600       52.80
42.5800       77.64
42.6000       83.16
42.6200       70.52
42.6400       63.94
42.6600       75.82
42.6800       79.74
42.7000       80.87
42.7200       80.00
42.7400       81.71
42.7600       67.79
42.7800       57.92
42.8000       54.30
42.8200       57.68
42.8400       52.20
42.8600       39.78
42.8800       28.29
42.9000       26.04
42.9200       26.79
42.9400       22.69
42.9600       21.42
42.9800       21.96
43.0000       21.08
43.0200       12.00
43.0400        8.12
43.0600        7.45
43.0800        8.64
43.1000        8.95
43.1200       13.81
43.1400       18.18
43.1600       13.94
43.1800        6.62
43.2000        4.72
43.2200        7.57
43.2400        5.56
43.2600        0.39
43.2800       -2.50
43.3000        0.49
43.3200        6.34
43.3400       13.75
43.3600       11.58
43.3800        2.22
43.4000       -7.95
43.4200       -5.37
43.4400       -0.44
43.4600        0.96
43.4800       -1.99
43.5000        2.74
43.5200        9.89
43.5400       12.58
43.5600        7.35
43.5800        2.51
43.6000       -0.01
43.6200       -0.06
43.6400        1.63
43.6600        6.39
43.6800       10.23
43.7000        6.46
43.7200        3.02
43.7400        7.74
43.7600       15.92
43.7800       13.02
43.8000        2.33
43.8200       -1.92
43.8400        0.54
43.8600        4.78
43.8800        1.64
43.9000        0.40
43.9200       -1.82
43.9400       -0.86
43.9600       -2.55
43.9800        1.25
44.0000        5.32
44.0200        8.81
44.0400        5.48
44.0600        3.12
44.0800        1.20
44.1000        3.69
44.1200        3.93
44.1400        6.01
44.1600        3.00
44.1800       -4.23
44.2000       -9.55
44.2200       -5.54
44.2400       -1.23
44.2600       -2.33
44.2800        0.80
44.3000        9.86
44.3200       12.13
44.3400        7.08
44.3600        0.09
44.3800       -1.11
44.4000       -5.94
44.4200       -6.20
44.4400       -4.28
44.4600        1.87
44.4800        1.00
44.5000        0.66
44.5200        2.29
44.5400       -0.21
44.5600       -3.40
44.5800       -2.26
44.6000        2.41
44.6200       -1.99
44.6400      -10.33
44.6600      -15.12
44.6800      -11.31
44.7000       -3.94
44.7200        0.13
44.7400        2.28
44.7600        3.53
44.7800        2.61
44.8000       -0.29
44.8200        5.39
44.8400       10.80
44.8600       10.64
44.8800        0.29
44.9000       -3.22
44.9200       -6.02
44.9400       -3.78
44.9600       -5.07
44.9800       -2.77
45.0000       -0.18
45.0200        3.32
45.0400        1.23
45.0600       -5.04
45.0800      -10.01
45.1000       -9.54
45.1200       -6.35
45.1400       -5.34
45.1600       -7.28
45.1800       -4.56
45.2000        1.00
45.2200        3.94
45.2400        1.32
45.2600        0.31
45.2800        2.20
45.3000        4.57
45.3200        3.42
45.3400        0.57
45.3600        0.56
45.3800       -2.79
45.4000       -4.57
45.4200       -7.64
45.4400       -0.91
45.4600       -0.92
45.4800       -2.57
45.5000      -10.76
45.5200      -10.98
45.5400       -4.44
45.5600        2.25
45.5800        4.30
45.6000       -0.41
45.6200        1.75
45.6400        6.52
45.6600       11.73
45.6800        5.86
45.7000       -1.63
45.7200       -4.79
45.7400        1.45
45.7600        6.63
45.7800        9.02
45.8000        8.13
45.8200       10.59
45.8400       11.27
45.8600       10.22
45.8800        7.92
45.9000        5.56
45.9200        3.63
45.9400        2.89
45.9600        6.77
45.9800       13.81
46.0000       22.47
46.0200       26.34
46.0400       25.71
46.0600       25.18
46.0800       27.95
46.1000       28.25
46.1200       26.02
46.1400       25.91
46.1600       24.73
46.1800       17.81
46.2000        5.80
46.2200        3.53
46.2400        5.15
46.2600        9.99
46.2800        7.56
46.3000        7.27
46.3200        2.51
46.3400       -1.31
46.3600       -6.24
46.3800       -2.42
46.4000       10.33
46.4200       20.13
46.4400       18.30
46.4600       12.05
46.4800       17.02
46.5000       22.37
46.5200       25.50
46.5400       24.66
46.5600       30.22
46.5800       32.12
46.6000       34.68
46.6200       29.20
46.6400       23.74
46.6600       21.66
46.6800       31.89
46.7000       39.09
46.7200       37.03
46.7400       26.86
46.7600       19.34
46.7800       14.43
46.8000       15.92
46.8200       18.12
46.8400       20.19
46.8600       16.45
46.8800       12.40
46.9000       11.93
46.9200       22.43
46.9400       27.40
46.9600       19.29
46.9800        6.52
47.0000        8.23
47.0200       12.60
47.0400       10.09
47.0600        1.58
47.0800        0.90
47.1000        4.82
47.1200        6.70
47.1400        3.24
47.1600        0.76
47.1800       -0.08
47.2000       -0.73
47.2200       -4.24
47.2400       -5.34
47.2600       -5.29
47.2800       -1.19
47.3000        3.60
47.3200       11.28
47.3400       13.57
47.3600       12.03
47.3800        8.71
47.4000        9.46
47.4200        7.47
47.4400        4.13
47.4600        1.36
47.4800        2.99
47.5000        3.98
47.5200        4.80
47.5400        5.81
47.5600        5.14
47.5800        0.75
47.6000       -0.88
47.6200        4.65
47.6400       11.47
47.6600        9.96
47.6800        6.08
47.7000        6.61
47.7200       10.96
47.7400        8.73
47.7600        1.71
47.7800       -5.17
47.8000       -3.84
47.8200        2.42
47.8400       10.47
47.8600       11.29
47.8800       11.27
47.9000       10.98
47.9200       14.60
47.9400       15.67
47.9600       15.23
47.9800       10.31
48.0000       11.10
48.0200       14.57
48.0400       15.02
48.0600        9.31
48.0800       13.06
48.1000       22.17
48.1200       24.12
48.1400       15.20
48.1600       14.38
48.1800       19.66
48.2000       20.36
48.2200       15.89
48.2400       15.49
48.2600       11.42
48.2800        3.33
48.3000        1.93
48.3200        7.17
48.3400       13.08
48.3600       16.76
48.3800       18.65
48.4000       11.95
48.4200        4.90
48.4400        3.58
48.4600        6.22
48.4800        5.72
48.5000        1.21
48.5200        0.98
48.5400        4.12
48.5600        6.06
48.5800        5.59
48.6000        9.84
48.6200       15.96
48.6400       15.17
48.6600       12.09
48.6800       11.06
48.7000        8.89
48.7200        3.04
48.7400        1.53
48.7600        6.61
48.7800       12.60
48.8000       11.82
48.8200        8.01
48.8400        2.90
48.8600        0.19
48.8800       -0.27
48.9000        2.91
48.9200        2.94
48.9400       -1.07
48.9600       -1.81
48.9800        1.67
49.0000        5.18
49.0200        4.44
49.0400        2.45
49.0600        0.25
49.0800       -0.71
49.1000       -1.66
49.1200       -0.35
49.1400        3.96
49.1600        5.02
49.1800        1.37
49.2000       -0.87
49.2200        2.54
49.2400        3.47
49.2600        2.08
49.2800        2.83
49.3000        9.36
49.3200       11.97
49.3400       11.01
49.3600        9.33
49.3800       10.97
49.4000        9.90
49.4200        4.71
49.4400       -1.18
49.4600        1.02
49.4800        8.17
49.5000       12.40
49.5200       11.66
49.5400       11.38
49.5600        7.40
49.5800        5.59
49.6000       11.99
49.6200       20.54
49.6400       19.13
49.6600       13.94
49.6800       11.53
49.7000        7.32
49.7200        4.52
49.7400        5.71
49.7600        8.20
49.7800        3.47
49.8000       -1.85
49.8200       -5.00
49.8400       -0.82
49.8600        4.68
49.8800        5.65
49.9000       -2.63
49.9200       -8.05
49.9400       -4.67
49.9600        4.76
49.9800        7.96
50.0000        3.68
50.0200       -5.11
50.0400       -6.33
50.0600       -5.62
50.0800       -6.33
50.1000      -12.31
50.1200       -6.66
50.1400        0.57
50.1600        6.65
50.1800        4.78
50.2000        4.91
50.2200        1.55
50.2400       -2.30
50.2600       -7.01
50.2800       -7.23
50.3000        1.74
50.3200       11.67
50.3400        9.74
50.3600        0.42
50.3800       -4.21
50.4000       -1.56
50.4200        0.46
50.4400        2.76
50.4600        5.44
50.4800       10.43
50.5000       15.68
50.5200       18.28
50.5400       18.35
50.5600       18.09
50.5800       18.67
50.6000       16.62
50.6200        9.95
50.6400        5.17
50.6600        0.92
50.6800       -1.81
50.7000       -4.77
50.7200       -2.54
50.7400       -2.10
50.7600       -2.01
50.7800       -1.70
50.8000        3.51
50.8200        7.58
50.8400        7.98
50.8600        3.11
50.8800        1.04
50.9000        3.18
50.9200        4.08
50.9400        1.82
50.9600        2.22
50.9800        4.44
51.0000        2.53
51.0200       -1.65
51.0400        2.29
51.0600        7.09
51.0800       10.19
51.1000        7.71
51.1200        7.78
51.1400        4.10
51.1600        3.73
51.1800        7.04
51.2000       12.55
51.2200       14.90
51.2400       13.32
51.2600       10.88
51.2800        3.66
51.3000       -1.60
51.3200       -5.41
51.3400       -4.91
51.3600       -4.85
51.3800       -2.54
51.4000       -1.17
51.4200        0.51
51.4400        2.84
51.4600        4.74
51.4800        2.60
51.5000       -1.27
51.5200       -1.82
51.5400        2.07
51.5600        5.35
51.5800        3.57
51.6000        2.19
51.6200        4.76
51.6400        8.62
51.6600        6.56
51.6800        7.75
51.7000        9.81
51.7200        8.84
51.7400        0.05
51.7600        1.37
51.7800        9.32
51.8000       16.35
51.8200       10.84
51.8400        6.50
51.8600        8.30
51.8800       10.74
51.9000        8.07
51.9200        8.82
51.9400       17.04
51.9600       20.47
51.9800       15.97
52.0000        8.16
52.0200        5.63
52.0400        5.54
52.0600        7.91
52.0800        1.91
52.1000       -2.38
52.1200       -4.78
52.1400        0.78
52.1600       -0.86
52.1800       -2.46
52.2000       -6.95
52.2200       -6.35
52.2400       -6.43
52.2600       -3.19
52.2800       -0.65
52.3000       -0.30
52.3200       -5.08
52.3400       -6.78
52.3600       -1.34
52.3800        3.09
52.4000       -1.11
52.4200       -4.76
52.4400       -0.22
52.4600        5.50
52.4800        4.46
52.5000        2.85
52.5200        1.84
52.5400       -0.80
52.5600       -4.49
52.5800       -0.51
52.6000        8.19
52.6200       13.64
52.6400       10.85
52.6600        5.21
52.6800        3.36
52.7000        8.68
52.7200       17.35
52.7400       17.32
52.7600       11.94
52.7800        7.46
52.8000       10.20
52.8200       11.62
52.8400       14.81
52.8600       16.62
52.8800       16.37
52.9000       14.49
52.9200       12.89
52.9400       14.76
52.9600       16.30
52.9800       18.24
53.0000       12.38
53.0200       11.76
53.0400       14.44
53.0600       19.83
53.0800       14.23
53.1000       14.02
53.1200       16.41
53.1400       20.44
53.1600       17.01
53.1800       16.43
53.2000       14.25
53.2200       10.13
53.2400        4.95
53.2600        3.42
53.2800        0.10
53.3000       -2.51
53.3200       -0.63
53.3400        3.20
53.3600        0.60
53.3800       -2.61
53.4000       -1.18
53.4200        0.70
53.4400       -1.42
53.4600       -4.19
53.4800       -1.62
53.5000       -0.67
53.5200       -4.03
53.5400      -10.56
53.5600      -11.19
53.5800       -7.68
53.6000       -5.17
53.6200       -4.34
53.6400       -1.34
53.6600        7.77
53.6800       13.60
53.7000       11.32
53.7200        3.23
53.7400       -2.81
53.7600       -3.88
53.7800       -0.96
53.8000        4.07
53.8200        4.70
53.8400        2.45
53.8600        0.46
53.8800        2.73
53.9000        3.42
53.9200       -1.34
53.9400       -6.76
53.9600       -5.73
53.9800       -0.40
54.0000        2.07
54.0200        3.37
54.0400        6.27
54.0600        6.27
54.0800        2.13
54.1000        0.28
54.1200        2.92
54.1400        3.71
54.1600        2.53
54.1800        1.82
54.2000        1.59
54.2200        3.76
54.2400        7.81
54.2600        9.47
54.2800        7.09
54.3000        7.29
54.3200        8.39
54.3400        7.55
54.3600        4.96
54.3800        3.38
54.4000        2.74
54.4200        1.82
54.4400        1.80
54.4600        1.84
54.4800        4.94
54.5000        5.94
54.5200        9.34
54.5400       10.89
54.5600       15.41
54.5800       24.29
54.6000       52.87
54.6200       89.26
54.6400      108.57
54.6600       90.13
54.6800       55.08
54.7000       35.90
54.7200       46.91
54.7400       60.57
54.7600       58.54
54.7800       42.46
54.8000       34.32
54.8200       28.88
54.8400       26.55
54.8600       22.27
54.8800       19.59
54.9000       17.55
54.9200       15.90
54.9400       16.94
54.9600       20.85
54.9800       29.98
55.0000       30.02
55.0200       22.63
55.0400       15.32
55.0600       18.43
55.0800       20.65
55.1000       18.07
55.1200       15.87
55.1400       17.38
55.1600       19.09
55.1800       17.64
55.2000       14.70
55.2200       10.08
55.2400        5.92
55.2600        6.17
55.2800        5.72
55.3000        4.04
55.3200        4.64
55.3400       10.89
55.3600       14.77
55.3800       14.13
55.4000       11.69
55.4200        6.57
55.4400        3.92
55.4600        2.77
55.4800        3.64
55.5000        2.05
55.5200        4.24
55.5400        5.72
55.5600        9.12
55.5800       12.51
55.6000       12.16
55.6200        2.57
55.6400       -4.67
55.6600       -0.50
55.6800       11.96
55.7000       19.20
55.7200       18.81
55.7400       12.05
55.7600       10.34
55.7800       12.63
55.8000       15.05
55.8200       10.70
55.8400        9.39
55.8600        8.72
55.8800        4.76
55.9000       -0.24
55.9200        0.12
55.9400        6.40
55.9600       13.31
55.9800       17.31
56.0000       10.81
56.0200        1.96
56.0400        1.68
56.0600        7.89
56.0800       14.38
56.1000       15.92
56.1200       16.70
56.1400       11.34
56.1600        2.75
56.1800       -5.26
56.2000       -5.15
56.2200        1.65
56.2400        4.03
56.2600        2.75
56.2800        2.71
56.3000        7.16
56.3200       10.18
56.3400       11.99
56.3600        9.09
56.3800        2.23
56.4000       -1.36
56.4200        1.84
56.4400        4.27
56.4600        6.73
56.4800       10.31
56.5000       10.70
56.5200        8.23
56.5400        9.52
56.5600        9.54
56.5800        2.95
56.6000        0.53
56.6200        2.80
56.6400        2.20
56.6600       -1.29
56.6800       -0.53
56.7000        1.86
56.7200       -1.18
56.7400       -4.30
56.7600       -1.24
56.7800        6.45
56.8000        9.37
56.8200        6.73
56.8400        9.64
56.8600       20.49
56.8800       33.81
56.9000       42.84
56.9200       47.54
56.9400       51.55
56.9600       49.03
56.9800       44.78
57.0000       36.50
57.0200       34.68
57.0400       34.57
57.0600       37.37
57.0800       33.41
57.1000       23.69
57.1200       14.40
57.1400        8.63
57.1600        6.54
57.1800        5.64
57.2000        8.11
57.2200        8.79
57.2400        3.81
57.2600        1.59
57.2800        6.32
57.3000       14.21
57.3200       11.72
57.3400        7.23
57.3600        3.50
57.3800        3.93
57.4000        3.78
57.4200        5.52
57.4400        2.27
57.4600       -1.58
57.4800       -1.45
57.5000        3.97
57.5200       10.07
57.5400       13.00
57.5600       10.04
57.5800        2.82
57.6000        1.20
57.6200        5.15
57.6400        9.82
57.6600        6.32
57.6800       -1.13
57.7000       -2.35
57.7200        9.05
57.7400       19.06
57.7600       16.49
57.7800        5.47
57.8000       -1.69
57.8200        0.66
57.8400        9.12
57.8600       15.54
57.8800       14.27
57.9000        8.21
57.9200        8.90
57.9400       15.56
57.9600       19.61
57.9800       12.95
58.0000        9.33
58.0200        9.47
58.0400       12.13
58.0600       11.37
58.0800       13.93
58.1000       15.90
58.1200       19.13
58.1400       17.95
58.1600       14.91
58.1800       10.74
58.2000       12.25
58.2200       10.85
58.2400        8.45
58.2600        4.71
58.2800       11.01
58.3000       14.71
58.3200       17.50
58.3400       10.22
58.3600        6.00
58.3800       -2.50
58.4000       -6.16
58.4200      -12.04
58.4400       -7.37
58.4600       -1.17
58.4800        3.99
58.5000       -0.06
58.5200        0.01
58.5400        2.50
58.5600        5.23
58.5800        3.23
58.6000        2.66
58.6200        2.69
58.6400        6.57
58.6600       11.73
58.6800       15.37
58.7000       12.42
58.7200       11.39
58.7400       17.73
58.7600       24.79
58.7800       28.66
58.8000       34.37
58.8200       41.64
58.8400       41.33
58.8600       34.68
58.8800       26.61
58.9000       17.65
58.9200       15.25
58.9400       20.20
58.9600       23.69
58.9800       18.06
59.0000       11.96
59.0200       13.52
59.0400       16.61
59.0600       15.13
59.0800        5.20
59.1000        2.18
59.1200        7.90
59.1400       16.36
59.1600       10.99
59.1800        0.94
59.2000       -2.94
59.2200        3.53
59.2400       11.02
59.2600       13.31
59.2800       10.38
59.3000        8.08
59.3200       13.39
59.3400       24.01
59.3600       34.26
59.3800       37.92
59.4000       36.15
59.4200       28.63
59.4400       24.03
59.4600       25.02
59.4800       29.32
59.5000       27.47
59.5200       25.64
59.5400       22.86
59.5600       23.68
59.5800       24.92
59.6000       29.65
59.6200       25.91
59.6400       21.62
59.6600       20.83
59.6800       26.50
59.7000       28.89
59.7200       29.69
59.7400       30.70
59.7600       27.46
59.7800       15.59
59.8000        3.41
59.8200        2.60
59.8400        7.22
59.8600       11.19
59.8800        9.32
59.9000        5.24
59.9200       -1.21
59.9400        1.63
59.9600        6.52
59.9800        5.34
60.0000       -2.57
60.0200       -5.31
60.0400       -2.08
60.0600       -1.01
60.0800        1.65
60.1000        5.24
60.1200        9.02
60.1400        6.63
60.1600        5.29
60.1800        6.95
60.2000        8.88
60.2200        7.86
60.2400        7.50
60.2600        8.23
60.2800        5.20
60.3000        1.64
60.3200        1.93
60.3400        5.34
60.3600        8.45
60.3800       13.66
60.4000       15.64
60.4200       14.76
60.4400        9.68
60.4600        7.01
60.4800        6.48
60.5000        9.34
60.5200       11.33
60.5400       10.43
60.5600        8.82
60.5800        8.67
60.6000       13.82
60.6200       19.01
60.6400       21.77
60.6600       22.86
60.6800       21.85
60.7000       18.30
60.7200       16.72
60.7400       20.67
60.7600       25.44
60.7800       27.54
60.8000       27.33
60.8200       18.92
60.8400        7.40
60.8600       -2.46
60.8800       -2.32
60.9000        3.75
60.9200       15.04
60.9400       19.49
60.9600       18.87
60.9800       12.81
61.0000       10.77
61.0200        9.64
61.0400       12.74
61.0600        8.20
61.0800        6.86
61.1000       12.19
61.1200       25.02
61.1400       29.31
61.1600       25.44
61.1800       19.73
61.2000       18.07
61.2200       21.35
61.2400       19.77
61.2600       16.09
61.2800        8.47
61.3000        5.58
61.3200        3.87
61.3400        7.74
61.3600        8.53
61.3800       11.00
61.4000       11.53
61.4200       12.72
61.4400        8.90
61.4600        9.16
61.4800        7.62
61.5000        8.67
61.5200        6.59
61.5400        6.90
61.5600        7.39
61.5800        6.90
61.6000        4.41
61.6200        2.92
61.6400        8.55
61.6600       11.57
61.6800        8.51
61.7000        1.64
61.7200        0.17
61.7400        2.18
61.7600        3.30
61.7800        2.49
61.8000        0.92
61.8200        0.09
61.8400       -0.59
61.8600        0.54
61.8800        1.89
61.9000        4.53
61.9200        6.85
61.9400        5.85
61.9600        4.67
61.9800        4.22
62.0000        8.90
62.0200       10.61
62.0400       10.52
62.0600        4.20
62.0800       -0.01
62.1000        0.90
62.1200        5.96
62.1400       11.33
62.1600       12.42
62.1800       10.84
62.2000        4.13
62.2200        3.36
62.2400        9.07
62.2600       16.57
62.2800       13.73
62.3000        5.47
62.3200        2.16
62.3400        8.84
62.3600       17.38
62.3800       19.78
62.4000       15.91
62.4200       10.54
62.4400        7.93
62.4600       12.03
62.4800       18.92
62.5000       24.50
62.5200       28.52
62.5400       27.63
62.5600       22.50
62.5800       18.68
62.6000       22.55
62.6200       26.69
62.6400       29.19
62.6600       31.86
62.6800       33.24
62.7000       31.24
62.7200       23.89
62.7400       19.34
62.7600       15.61
62.7800       12.46
62.8000       10.55
62.8200       13.83
62.8400       16.18
62.8600       12.95
62.8800        9.41
62.9000        8.26
62.9200        7.41
62.9400        6.21
62.9600        5.40
62.9800        6.67
63.0000        7.24
63.0200        6.89
63.0400        4.17
63.0600        3.90
63.0800        1.80
63.1000        2.31
63.1200        5.48
63.1400       11.46
63.1600        8.43
63.1800        3.94
63.2000        2.91
63.2200        3.86
63.2400        3.21
63.2600        4.56
63.2800        7.45
63.3000        3.65
63.3200       -2.23
63.3400       -2.97
63.3600        3.37
63.3800        9.11
63.4000        9.11
63.4200        8.79
63.4400        9.29
63.4600       10.97
63.4800        8.42
63.5000        7.96
63.5200        6.86
63.5400        7.14
63.5600        4.68
63.5800        5.01
63.6000        5.90
63.6200        8.73
63.6400        9.70
63.6600       11.16
63.6800        7.92
63.7000        5.79
63.7200        7.48
63.7400       13.73
63.7600       11.23
63.7800        4.43
63.8000       -1.22
63.8200        2.53
63.8400        7.87
63.8600       10.91
63.8800        7.57
63.9000        4.43
63.9200        1.07
63.9400       -0.71
63.9600       -1.27
63.9800       -2.68
64.0000       -6.50
64.0200       -6.29
64.0400        0.14
64.0600        2.94
64.0800        0.91
64.1000        2.01
64.1200        6.45
64.1400        6.55
64.1600       -0.70
64.1800       -2.16
64.2000       -0.15
64.2200        2.34
64.2400       -2.49
64.2600       -2.93
64.2800        0.53
64.3000        3.80
64.3200        1.88
64.3400       -3.60
64.3600       -3.63
64.3800        1.45
64.4000        8.54
64.4200        9.81
64.4400        8.46
64.4600        7.29
64.4800        9.74
64.5000       17.31
64.5200       18.42
64.5400        7.06
64.5600       -6.22
64.5800       -4.32
64.6000        4.99
64.6200       10.16
64.6400        6.87
64.6600        4.73
64.6800        5.04
64.7000        7.74
64.7200        7.10
64.7400        7.59
64.7600        6.10
64.7800        2.03
64.8000       -0.38
64.8200        6.01
64.8400       13.30
64.8600       10.29
64.8800        2.18
64.9000       -3.52
64.9200       -0.90
64.9400        3.48
64.9600        8.13
64.9800        5.68
65.0000        3.97
65.0200        3.65
65.0400        6.66
65.0600        5.77
65.0800        6.26
65.1000        8.28
65.1200       10.51
65.1400       11.23
65.1600        9.94
65.1800        5.78
65.2000       -0.43
65.2200       -4.16
65.2400       -5.67
65.2600       -4.45
65.2800       -1.61
65.3000       -2.69
65.3200       -5.76
65.3400       -5.61
65.3600        1.50
65.3800        5.84
65.4000        8.90
65.4200        8.23
65.4400        6.18
65.4600        3.65
65.4800        8.41
65.5000       13.74
65.5200       13.55
65.5400        9.88
65.5600        8.18
65.5800        6.08
65.6000        3.64
65.6200        0.98
65.6400        3.00
65.6600        6.19
65.6800        9.88
65.7000       10.05
65.7200       10.93
65.7400        7.42
65.7600        4.28
65.7800        5.28
65.8000       10.28
65.8200        8.44
65.8400        1.94
65.8600       -1.79
65.8800       -2.34
65.9000       -2.22
65.9200       -1.70
65.9400        2.29
65.9600        2.73
65.9800        1.09
66.0000       -0.22
66.0200        2.17
66.0400        5.26
66.0600        8.16
66.0800       10.81
66.1000       10.57
66.1200        9.47
66.1400        6.15
66.1600        3.39
66.1800        1.96
66.2000        2.35
66.2200        0.92
66.2400       -1.96
66.2600       -2.58
66.2800       -0.55
66.3000        3.06
66.3200        1.18
66.3400       -5.40
66.3600      -11.64
66.3800       -9.35
66.4000       -3.59
66.4200        3.25
66.4400        5.30
66.4600        2.80
66.4800       -0.35
66.5000        0.87
66.5200        2.66
66.5400        4.93
66.5600       11.14
66.5800       14.01
66.6000       10.25
66.6200        5.09
66.6400        6.67
66.6600        5.84
66.6800        1.79
66.7000        0.40
66.7200        5.26
66.7400        5.22
66.7600        0.05
66.7800        0.39
66.8000        8.68
66.8200       12.06
66.8400        7.95
66.8600        1.69
66.8800        1.03
66.9000        3.34
66.9200        4.22
66.9400        1.98
66.9600        1.67
66.9800        4.69
67.0000        9.04
67.0200       11.35
67.0400        8.66
67.0600        0.39
67.0800       -1.87
67.1000        4.68
67.1200       11.57
67.1400       10.23
67.1600        7.71
67.1800        9.75
67.2000        9.85
67.2200        4.52
67.2400       -0.22
67.2600        2.31
67.2800        5.93
67.3000        5.35
67.3200       -0.96
67.3400       -4.56
67.3600       -1.75
67.3800        8.24
67.4000       12.60
67.4200        9.68
67.4400        5.15
67.4600        5.62
67.4800        7.46
67.5000        3.22
67.5200       -1.68
67.5400       -4.65
67.5600       -0.72
67.5800       -0.17
67.6000       -1.09
67.6200       -0.62
67.6400        6.72
67.6600       13.26
67.6800       17.09
67.7000       17.66
67.7200       14.99
67.7400        9.44
67.7600        5.18
67.7800        7.14
67.8000       11.87
67.8200       15.69
67.8400       11.73
67.8600        7.08
67.8800        0.93
67.9000        0.24
67.9200        4.85
67.9400       13.55
67.9600        9.73
67.9800        2.06
68.0000        0.90
68.0200        6.10
68.0400        6.47
68.0600        7.31
68.0800       10.67
68.1000       10.73
68.1200        8.34
68.1400        9.71
68.1600       14.05
68.1800       12.89
68.2000        4.60
68.2200       -4.32
68.2400       -6.43
68.2600       -3.54
68.2800       -2.93
68.3000       -4.62
68.3200       -1.95
68.3400        4.70
68.3600        7.84
68.3800        6.16
68.4000        2.58
68.4200        1.30
68.4400        0.14
68.4600        1.50
68.4800        2.12
68.5000        5.07
68.5200        7.38
68.5400        9.68
68.5600        8.23
68.5800        3.29
68.6000       -1.72
68.6200       -4.05
68.6400        2.97
68.6600        9.26
68.6800       11.51
68.7000        6.89
68.7200        4.51
68.7400        1.49
68.7600        0.69
68.7800       -0.44
68.8000       -0.01
68.8200       -3.69
68.8400       -5.43
68.8600       -3.37
68.8800        6.25
68.9000        8.72
68.9200        6.52
68.9400        3.53
68.9600        3.57
68.9800        1.69
69.0000        1.10
69.0200        3.81
69.0400        6.14
69.0600        5.06
69.0800        1.65
69.1000       -1.62
69.1200       -3.30
69.1400       -2.71
69.1600        3.69
69.1800        8.94
69.2000        8.83
69.2200        2.16
69.2400        0.21
69.2600        2.05
69.2800        9.16
69.3000       11.00
69.3200        9.10
69.3400        3.65
69.3600        4.03
69.3800        5.78
69.4000        6.44
69.4200        2.93
69.4400       -0.65
69.4600       -3.61
69.4800        3.66
69.5000       15.95
69.5200       22.67
69.5400       13.88
69.5600       10.95
69.5800       14.47
69.6000       20.40
69.6200       18.70
69.6400       17.30
69.6600       12.80
69.6800       10.16
69.7000        8.57
69.7200       11.56
69.7400       17.59
69.7600       20.65
69.7800       13.96
69.8000        3.78
69.8200        2.22
69.8400        7.51
69.8600       14.54
69.8800       16.67
69.9000       14.13
69.9200       13.27
69.9400       17.14
69.9600       19.78
69.9800       14.00
70.0000        9.90
70.0200       10.34
70.0400       13.02
70.0600       15.23
70.0800       19.69
70.1000       20.64
70.1200       12.96
70.1400        8.52
70.1600       11.94
70.1800       16.27
70.2000       14.37
70.2200       17.13
70.2400       20.44
70.2600       15.67
70.2800        4.77
70.3000       -0.30
70.3200       -1.71
70.3400       -2.01
70.3600        0.85
70.3800        3.40
70.4000        2.08
70.4200        1.16
70.4400        5.88
70.4600        7.30
70.4800        2.03
70.5000       -2.85
70.5200       -3.81
70.5400       -2.01
70.5600       -1.24
70.5800        5.29
70.6000        9.68
70.6200       12.17
70.6400        4.66
70.6600       -1.01
70.6800       -4.80
70.7000       -0.54
70.7200        2.78
70.7400        6.98
70.7600       10.16
70.7800       12.72
70.8000       13.30
70.8200       10.23
70.8400        8.46
70.8600        7.36
70.8800       10.22
70.9000       12.16
70.9200       13.94
70.9400       12.96
70.9600       10.43
70.9800        8.37
71.0000       10.67
71.0200       11.96
71.0400       12.12
71.0600       10.89
71.0800       13.73
71.1000       12.28
71.1200       11.49
71.1400        9.60
71.1600        7.69
71.1800        1.64
71.2000       -3.77
71.2200       -2.48
71.2400        4.19
71.2600       17.52
71.2800       23.84
71.3000       19.52
71.3200        5.31
71.3400       -3.12
71.3600       -1.95
71.3800        2.56
71.4000        7.71
71.4200        9.21
71.4400       13.97
71.4600       13.27
71.4800       12.73
71.5000        6.43
71.5200        4.03
71.5400        4.08
71.5600       11.07
71.5800       12.11
71.6000        5.72
71.6200        0.60
71.6400        0.84
71.6600        3.46
71.6800        0.61
71.7000        0.74
71.7200        1.25
71.7400        5.85
71.7600        6.42
71.7800        8.19
71.8000        8.02
71.8200        6.84
71.8400        4.05
71.8600        3.26
71.8800        4.95
71.9000        5.13
71.9200        6.53
71.9400        5.72
71.9600        5.11
71.9800        3.60
72.0000        4.50
72.0200        3.55
72.0400        1.38
72.0600       -0.78
72.0800        1.64
72.1000        5.66
72.1200        7.20
72.1400        2.53
72.1600        1.93
72.1800        3.56
72.2000        7.72
72.2200        6.91
72.2400        3.45
72.2600       -4.06
72.2800       -7.79
72.3000       -3.13
72.3200        3.10
72.3400       10.58
72.3600       14.15
72.3800       14.37
72.4000        5.54
72.4200        0.70
72.4400        6.24
72.4600       15.34
72.4800       15.35
72.5000        4.69
72.5200        3.81
72.5400       10.02
72.5600       17.83
72.5800       16.38
72.6000       16.43
72.6200       17.85
72.6400       19.69
72.6600       18.20
72.6800       10.41
72.7000        4.11
72.7200        1.86
72.7400        2.86
72.7600        1.54
72.7800        1.35
72.8000        7.98
72.8200       13.00
72.8400       13.53
72.8600        4.67
72.8800        0.11
72.9000       -0.95
72.9200        2.84
72.9400       -0.75
72.9600       -6.51
72.9800       -9.52
73.0000       -4.75
73.0200        1.56
73.0400        3.56
73.0600        3.81
73.0800        5.07
73.1000        6.90
73.1200        3.88
73.1400        2.16
73.1600        2.63
73.1800        3.34
73.2000        2.52
73.2200        1.45
73.2400       -1.28
73.2600       -6.07
73.2800       -8.15
73.3000       -6.67
73.3200       -0.30
73.3400        4.65
73.3600        4.65
73.3800        2.20
73.4000        2.37
73.4200        1.41
73.4400       -3.30
73.4600       -5.29
73.4800       -1.09
73.5000        3.40
73.5200        3.74
73.5400       -1.54
73.5600       -6.10
73.5800       -7.93
73.6000       -3.07
73.6200        1.52
73.6400        1.69
73.6600        0.15
73.6800       -0.66
73.7000        2.37
73.7200        5.15
73.7400        7.77
73.7600        6.47
73.7800        4.35
73.8000        1.40
73.8200       -0.29
73.8400       -0.03
73.8600        1.14
73.8800       -0.48
73.9000        0.43
73.9200        1.61
73.9400        2.69
73.9600       -0.89
73.9800       -2.30
74.0000        0.64
74.0200        5.49
74.0400        6.97
74.0600        4.06
74.0800        8.51
74.1000       14.53
74.1200       17.32
74.1400        9.38
74.1600        1.15
74.1800       -3.89
74.2000       -2.35
74.2200       -0.21
74.2400        1.64
74.2600        4.36
74.2800        8.91
74.3000        8.34
74.3200        6.17
74.3400        7.27
74.3600       10.60
74.3800        9.55
74.4000        7.59
74.4200        9.35
74.4400        8.72
74.4600        6.32
74.4800        3.46
74.5000        4.65
74.5200        3.58
74.5400        7.30
74.5600       13.46
74.5800       18.08
74.6000       11.74
74.6200        3.86
74.6400        5.91
74.6600       15.31
74.6800       17.37
74.7000        9.22
74.7200        3.13
74.7400        4.87
74.7600        6.16
74.7800        6.47
74.8000        4.36
74.8200        5.22
74.8400        5.73
74.8600        9.65
74.8800        8.94
74.9000        5.35
74.9200        1.48
74.9400        1.34
74.9600        2.14
74.9800        2.85
75.0000        6.39
75.0200       10.41
75.0400       12.35
75.0600       12.74
75.0800       12.61
75.1000        8.86
75.1200        4.41
75.1400        3.99
75.1600        4.53
75.1800        5.42
75.2000        7.26
75.2200       10.57
75.2400        8.95
75.2600        9.21
75.2800        6.47
75.3000        4.26
75.3200       -0.44
75.3400        1.12
75.3600        3.80
75.3800        6.79
75.4000        3.10
75.4200        1.06
75.4400        3.34
75.4600        8.91
75.4800        7.08
75.5000        3.28
75.5200       -0.56
75.5400        1.47
75.5600        5.35
75.5800       10.34
75.6000       10.67
75.6200        8.93
75.6400        9.35
75.6600       10.69
75.6800       10.34
75.7000        7.15
75.7200       11.35
75.7400       15.68
75.7600       18.71
75.7800       12.88
75.8000       11.78
75.8200        9.66
75.8400       13.83
75.8600       17.77
75.8800       22.90
75.9000       20.03
75.9200       16.46
75.9400       16.95
75.9600       20.02
75.9800       18.53
76.0000       13.63
76.0200        9.02
76.0400        9.16
76.0600       12.66
76.0800       17.39
76.1000       15.92
76.1200       12.69
76.1400        7.82
76.1600        6.23
76.1800        8.52
76.2000       15.79
76.2200       14.99
76.2400        4.80
76.2600       -3.29
76.2800        0.91
76.3000        8.74
76.3200       10.21
76.3400        5.09
76.3600        4.39
76.3800        7.97
76.4000       11.59
76.4200        7.97
76.4400        3.12
76.4600        1.71
76.4800        5.58
76.5000        8.28
76.5200        9.34
76.5400       11.87
76.5600       11.03
76.5800        6.03
76.6000        5.63
76.6200       11.96
76.6400        9.17
76.6600        2.19
76.6800        0.81
76.7000        5.73
76.7200       -0.33
76.7400       -8.36
76.7600      -11.14
76.7800       -3.90
76.8000        1.24
76.8200        0.86
76.8400       -3.46
76.8600       -3.57
76.8800       -0.58
76.9000        1.03
76.9200       -0.30
76.9400        1.00
76.9600        5.31
76.9800       12.99
77.0000       15.71
77.0200       12.88
77.0400        5.45
77.0600        4.99
77.0800        6.88
77.1000       12.05
77.1200       18.05
77.1400       26.88
77.1600       29.28
77.1800       26.96
77.2000       22.40
77.2200       14.87
77.2400        9.19
77.2600        8.20
77.2800       13.95
77.3000       16.05
77.3200       18.30
77.3400       18.82
77.3600       18.32
77.3800       13.51
77.4000        8.23
77.4200        5.71
77.4400        7.22
77.4600        7.46
77.4800        2.71
77.5000       -4.37
77.5200       -5.55
77.5400        0.08
77.5600        8.43
77.5800       13.68
77.6000       11.19
77.6200        6.53
77.6400        4.91
77.6600        6.09
77.6800        8.06
77.7000       10.58
77.7200       11.77
77.7400        7.87
77.7600       10.84
77.7800       15.90
77.8000       15.27
77.8200        6.22
77.8400        2.53
77.8600        3.22
77.8800        5.93
77.9000        8.65
77.9200       10.61
77.9400        8.65
77.9600        3.87
77.9800       -0.02
78.0000        0.39
78.0200        3.33
78.0400        3.49
78.0600        0.88
78.0800       -1.08
78.1000        1.00
78.1200        1.96
78.1400        1.33
78.1600        0.66
78.1800        4.58
78.2000        5.06
78.2200        1.95
78.2400        1.52
78.2600        6.55
78.2800        6.70
78.3000        1.36
78.3200       -2.42
78.3400       -1.53
78.3600        0.97
78.3800        2.29
78.4000        2.21
78.4200        1.26
78.4400        0.09
78.4600       -2.50
78.4800       -3.55
78.5000       -1.24
78.5200        6.59
78.5400       11.35
78.5600       10.63
78.5800        4.16
78.6000        3.01
78.6200        1.87
78.6400        1.86
78.6600        0.34
78.6800        0.63
78.7000       -1.99
78.7200       -2.60
78.7400        1.43
78.7600        8.17
78.7800       11.40
78.8000        9.96
78.8200        7.58
78.8400        3.21
78.8600        0.16
78.8800       -0.57
78.9000        1.18
78.9200       -3.37
78.9400       -6.91
78.9600       -7.34
78.9800       -7.05
79.0000      -11.58
79.0200      -10.22
79.0400       -1.13
79.0600        6.02
79.0800        2.91
79.1000       -1.91
79.1200       -1.85
79.1400        1.44
79.1600        1.78
79.1800       -1.34
79.2000       -6.32
79.2200       -9.34
79.2400       -9.14
79.2600       -7.45
79.2800       -7.04
79.3000       -5.10
79.3200       -4.19
79.3400       -4.33
79.3600       -8.43
79.3800       -9.69
79.4000      -11.61
79.4200      -12.65
79.4400      -10.56
79.4600       -3.61
79.4800        0.67
79.5000       -2.57
79.5200       -5.24
79.5400       -8.11
79.5600       -8.42
79.5800       -7.44
79.6000       -2.89
79.6200       -1.97
79.6400       -1.14
79.6600        1.72
79.6800        4.31
79.7000        1.45
79.7200       -5.52
79.7400      -10.37
79.7600      -11.81
79.7800      -12.89
79.8000      -14.14
79.8200      -12.87
79.8400       -9.07
79.8600       -6.36
79.8800       -7.05
79.9000       -9.75
79.9200      -11.01
79.9400      -10.16
79.9600      -13.20
79.9800      -16.31
80.0000        0.00
